0	4519
13132800	4519
13134600	4531
13136400	4542
13138200	4543
13140000	4527
13141800	4504
13143600	4469
13145400	4419
13147200	4368
13149000	4341
13150800	4331
13152600	4285
13154400	4224
13156200	4204
13158000	4284
13159800	4431
13161600	4589
13163400	4758
13165200	4926
13167000	5071
13168800	5194
13170600	5285
13172400	5340
13174200	5396
13176000	5451
13177800	5512
13179600	5575
13181400	5618
13183200	5671
13185000	5787
13186800	5905
13188600	6023
13190400	6140
13192200	6247
13194000	6315
13195800	6328
13197600	6315
13199400	6301
13201200	6270
13203000	6215
13204800	6153
13206600	6098
13208400	6050
13210200	6007
13212000	5973
13213800	5970
13215600	5974
13217400	5948
13219200	5920
13221000	5901
13222800	5890
13224600	5858
13226400	5822
13228200	5792
13230000	5742
13231800	5684
13233600	5614
13235400	5542
13237200	5473
13239000	5404
13240800	5354
13242600	5344
13244400	5418
13246200	5552
13248000	5694
13249800	5834
13251600	5944
13253400	5997
13255200	6017
13257000	6014
13258800	5994
13260600	5937
13262400	5866
13264200	5822
13266000	5779
13267800	5746
13269600	5764
13271400	5869
13273200	6003
13275000	6137
13276800	6242
13278600	6372
13280400	6384
13282200	6357
13284000	6250
13285800	6093
13287600	5942
13289400	5839
13291200	5739
13293000	5651
13294800	5642
13296600	5571
13298400	5500
13300200	5429
13302000	5399
13303800	5515
13305600	5842
13307400	6211
13309200	6588
13311000	6928
13312800	7250
13314600	7477
13316400	7685
13318200	7921
13320000	8074
13321800	8147
13323600	8184
13325400	8270
13327200	8395
13329000	8490
13330800	8601
13332600	8734
13334400	8876
13336200	9001
13338000	9127
13339800	9262
13341600	9324
13343400	9248
13345200	9087
13347000	9009
13348800	8898
13350600	8749
13352400	8557
13354200	8329
13356000	8112
13357800	7965
13359600	8061
13361400	8373
13363200	8664
13365000	8920
13366800	9145
13368600	9435
13370400	9893
13372200	10396
13374000	10841
13375800	11222
13377600	11566
13379400	11885
13381200	12149
13383000	12359
13384800	12613
13386600	12868
13388400	13127
13390200	13373
13392000	13529
13393800	13579
13395600	13542
13397400	13391
13399200	13162
13401000	12769
13402800	12265
13404600	11633
13406400	10811
13408200	9988
13410000	9283
13411800	8692
13413600	8301
13415400	8055
13417200	7909
13419000	7849
13420800	7853
13422600	7946
13424400	8037
13426200	8133
13428000	8261
13429800	8365
13431600	8473
13433400	8588
13435200	8734
13437000	8997
13438800	9290
13440600	9592
13442400	9932
13444200	10382
13446000	10892
13447800	11422
13449600	11980
13451400	12385
13453200	12547
13455000	12597
13456800	12529
13458600	12338
13460400	12100
13462200	11830
13464000	11562
13465800	11224
13467600	10891
13469400	10676
13471200	10453
13473000	10274
13474800	10165
13476600	10032
13478400	9912
13480200	9866
13482000	9832
13483800	9598
13485600	9275
13487400	9079
13489200	8885
13491000	8591
13492800	8219
13494600	7870
13496400	7518
13498200	7208
13500000	7089
13501800	7114
13503600	7342
13505400	7689
13507200	8126
13509000	8712
13510800	9298
13512600	9789
13514400	10207
13516200	10556
13518000	10853
13519800	11125
13521600	11374
13523400	11570
13525200	11743
13527000	11964
13528800	12194
13530600	12377
13532400	12520
13534200	12664
13536000	12899
13537800	13143
13539600	13222
13541400	13142
13543200	12942
13545000	12710
13546800	12476
13548600	12129
13550400	11752
13552200	11617
13554000	11677
13555800	11701
13557600	11744
13559400	11814
13561200	11810
13563000	11719
13564800	11520
13566600	11159
13568400	10755
13570200	10438
13572000	10117
13573800	9762
13575600	9319
13577400	8914
13579200	8648
13581000	8352
13582800	8104
13584600	7969
13586400	7891
13588200	7766
13590000	7626
13591800	7525
13593600	7464
13595400	7465
13597200	7513
13599000	7583
13600800	7671
13602600	7781
13604400	7916
13606200	8089
13608000	8274
13609800	8459
13611600	8709
13613400	8971
13615200	9254
13617000	9545
13618800	9796
13620600	9959
13622400	9825
13624200	9383
13626000	8844
13627800	8262
13629600	7644
13631400	7146
13633200	6772
13635000	6478
13636800	6475
13638600	6901
13640400	7299
13642200	7620
13644000	7885
13645800	8019
13647600	8007
13649400	7897
13651200	7744
13653000	7513
13654800	7256
13656600	6941
13658400	6655
13660200	6437
13662000	6298
13663800	6165
13665600	6052
13667400	5982
13669200	5940
13671000	5920
13672800	5937
13674600	5865
13676400	5816
13678200	5720
13680000	5578
13681800	5348
13683600	5011
13685400	4718
13687200	4439
13689000	4278
13690800	4268
13692600	4270
13694400	4314
13696200	4428
13698000	4572
13699800	4735
13701600	4924
13703400	5156
13705200	5385
13707000	5620
13708800	5949
13710600	6352
13712400	6626
13714200	6870
13716000	6991
13717800	7038
13719600	7012
13721400	6894
13723200	6777
13725000	6771
13726800	6804
13728600	6841
13730400	6929
13732200	7061
13734000	7162
13735800	7278
13737600	7395
13739400	7511
13741200	7628
13743000	7725
13744800	7760
13746600	7698
13748400	7521
13750200	7268
13752000	7027
13753800	6783
13755600	6541
13757400	6359
13759200	6286
13761000	6265
13762800	6362
13764600	6538
13766400	6780
13768200	7091
13770000	7325
13771800	7550
13773600	7720
13775400	7826
13777200	7939
13779000	8058
13780800	8131
13782600	8129
13784400	8101
13786200	8220
13788000	8430
13789800	8592
13791600	8805
13793400	9041
13795200	9349
13797000	9695
13798800	9916
13800600	9993
13802400	10005
13804200	10027
13806000	10041
13807800	9949
13809600	9835
13811400	9778
13813200	9713
13815000	9709
13816800	9738
13818600	9788
13820400	9841
13822200	9890
13824000	9922
13825800	9922
13827600	9919
13829400	9852
13831200	9775
13833000	9759
13834800	9739
13836600	9675
13838400	9539
13840200	9377
13842000	9183
13843800	9033
13845600	9015
13847400	9009
13849200	9081
13851000	9257
13852800	9398
13854600	9516
13856400	9576
13858200	9541
13860000	9467
13861800	9414
13863600	9355
13865400	9321
13867200	9329
13869000	9345
13870800	9369
13872600	9464
13874400	9737
13876200	10185
13878000	10745
13879800	11296
13881600	11764
13883400	11881
13885200	11804
13887000	11825
13888800	11780
13890600	11583
13892400	11390
13894200	11223
13896000	11091
13897800	10974
13899600	10900
13901400	10849
13903200	10806
13905000	10724
13906800	10638
13908600	10606
13910400	10587
13912200	10510
13914000	10405
13915800	10295
13917600	10173
13919400	10021
13921200	9825
13923000	9527
13924800	9189
13926600	8922
13928400	8676
13930200	8444
13932000	8258
13933800	8226
13935600	8380
13937400	8587
13939200	8916
13941000	9358
13942800	9834
13944600	10330
13946400	10721
13948200	11011
13950000	11226
13951800	11465
13953600	11651
13955400	11806
13957200	11924
13959000	12076
13960800	12059
13962600	11658
13964400	11168
13966200	10651
13968000	10298
13969800	10330
13971600	10459
13973400	10632
13975200	10818
13977000	11108
13978800	11447
13980600	11717
13982400	11921
13984200	12138
13986000	12328
13987800	12490
13989600	12530
13991400	12486
13993200	12388
13995000	12283
13996800	12210
13998600	11993
14000400	11747
14002200	11583
14004000	11428
14005800	11190
14007600	10964
14009400	10802
14011200	10668
14013000	10522
14014800	10377
14016600	10260
14018400	10206
14020200	10210
14022000	10304
14023800	10464
14025600	10676
14027400	10864
14029200	10917
14031000	10946
14032800	10980
14034600	11019
14036400	11042
14038200	11015
14040000	11023
14041800	11121
14043600	11218
14045400	11369
14047200	11581
14049000	11844
14050800	12291
14052600	12889
14054400	13585
14056200	14270
14058000	14980
14059800	15690
14061600	16075
14063400	16086
14065200	15761
14067000	15212
14068800	14630
14070600	14173
14072400	13878
14074200	13932
14076000	14051
14077800	13842
14079600	13510
14081400	13015
14083200	12439
14085000	11790
14086800	11128
14088600	10453
14090400	9897
14092200	9726
14094000	9517
14095800	9327
14097600	9133
14099400	8791
14101200	8291
14103000	7952
14104800	7680
14106600	7530
14108400	7513
14110200	7573
14112000	7703
14113800	7899
14115600	8022
14117400	8086
14119200	8167
14121000	8218
14122800	8211
14124600	8170
14126400	8128
14128200	8086
14130000	8041
14131800	7995
14133600	7947
14135400	7933
14137200	7989
14139000	8059
14140800	8105
14142600	8154
14144400	8204
14146200	8372
14148000	8634
14149800	8657
14151600	8652
14153400	8754
14155200	8845
14157000	8911
14158800	8922
14160600	8858
14162400	8717
14164200	8647
14166000	8561
14167800	8270
14169600	7949
14171400	7736
14173200	7515
14175000	7241
14176800	7033
14178600	6824
14180400	6659
14182200	6547
14184000	6418
14185800	6242
14187600	6038
14189400	5909
14191200	5871
14193000	5823
14194800	5824
14196600	5841
14198400	5943
14200200	6199
14202000	6458
14203800	6751
14205600	7088
14207400	7417
14209200	7701
14211000	8102
14212800	8497
14214600	8933
14216400	9404
14218200	9864
14220000	10373
14221800	10816
14223600	11293
14225400	11732
14227200	12130
14229000	12461
14230800	12578
14232600	12515
14234400	12361
14236200	12209
14238000	12002
14239800	11643
14241600	11313
14243400	11060
14245200	10836
14247000	10615
14248800	10452
14250600	10333
14252400	10241
14254200	10203
14256000	10241
14257800	10175
14259600	10104
14261400	10029
14263200	9918
14265000	9820
14266800	9719
14268600	9578
14270400	9365
14272200	9136
14274000	8863
14275800	8606
14277600	8547
14279400	8633
14281200	8948
14283000	9384
14284800	9838
14286600	10361
14288400	10895
14290200	11338
14292000	11619
14293800	11783
14295600	11847
14297400	11822
14299200	11799
14301000	11762
14302800	11736
14304600	11819
14306400	11987
14308200	12126
14310000	12341
14311800	12759
14313600	13272
14315400	13686
14317200	14093
14319000	14512
14320800	14792
14322600	14841
14324400	14655
14326200	14316
14328000	13932
14329800	13500
14331600	13064
14333400	12766
14335200	12580
14337000	12436
14338800	12349
14340600	12416
14342400	12569
14344200	12646
14346000	12728
14347800	12754
14349600	12759
14351400	12802
14353200	12842
14355000	12829
14356800	12783
14358600	12694
14360400	12578
14362200	12599
14364000	12749
14365800	12929
14367600	13062
14369400	13201
14371200	13331
14373000	13472
14374800	13588
14376600	13591
14378400	13533
14380200	13503
14382000	13458
14383800	13387
14385600	13337
14387400	13371
14389200	13489
14391000	13639
14392800	13930
14394600	14452
14396400	15135
14398200	15772
14400000	16358
14401800	16605
14403600	16432
14405400	16231
14407200	15983
14409000	15760
14410800	15617
14412600	15508
14414400	15395
14416200	15179
14418000	14953
14419800	14779
14421600	14738
14423400	14781
14425200	14823
14427000	14863
14428800	14898
14430600	14896
14432400	14797
14434200	14640
14436000	14482
14437800	14308
14439600	14050
14441400	13638
14443200	13162
14445000	12770
14446800	12408
14448600	12075
14450400	11767
14452200	11585
14454000	11693
14455800	11986
14457600	12313
14459400	12691
14461200	13056
14463000	13268
14464800	13399
14466600	13456
14468400	13408
14470200	13375
14472000	13397
14473800	13586
14475600	13866
14477400	14198
14479200	14700
14481000	15571
14482800	16657
14484600	17670
14486400	18561
14488200	19085
14490000	19189
14491800	19176
14493600	19132
14495400	19136
14497200	19141
14499000	18892
14500800	18525
14502600	18237
14504400	17941
14506200	17528
14508000	17099
14509800	16670
14511600	16241
14513400	15922
14515200	15757
14517000	15557
14518800	15374
14520600	15423
14522400	15694
14524200	16058
14526000	16669
14527800	17640
14529600	18695
14531400	19612
14533200	20484
14535000	21335
14536800	21721
14538600	21462
14540400	20907
14542200	20223
14544000	19502
14545800	18811
14547600	18275
14549400	18059
14551200	17892
14553000	17500
14554800	17033
14556600	16524
14558400	16030
14560200	15610
14562000	15196
14563800	14785
14565600	14388
14567400	14114
14569200	14015
14571000	13938
14572800	13871
14574600	13697
14576400	13517
14578200	13430
14580000	13340
14581800	13328
14583600	13400
14585400	13402
14587200	13405
14589000	13595
14590800	13831
14592600	13912
14594400	13943
14596200	13962
14598000	13923
14599800	13742
14601600	13449
14603400	13263
14605200	13037
14607000	12605
14608800	12163
14610600	11801
14612400	11484
14614200	11197
14616000	10874
14617800	10518
14619600	10209
14621400	9971
14623200	9901
14625000	10060
14626800	10464
14628600	10923
14630400	11243
14632200	11720
14634000	12108
14635800	12139
14637600	11981
14639400	11751
14641200	11426
14643000	10877
14644800	10202
14646600	9791
14648400	9461
14650200	9204
14652000	9080
14653800	9166
14655600	9538
14657400	10211
14659200	11027
14661000	11415
14662800	11457
14664600	11632
14666400	11848
14668200	12012
14670000	12177
14671800	12341
14673600	12460
14675400	12603
14677200	12716
14679000	12712
14680800	12740
14682600	12890
14684400	13086
14686200	13258
14688000	13339
14689800	13397
14691600	13473
14693400	13506
14695200	13488
14697000	13411
14698800	13249
14700600	12999
14702400	12722
14704200	12429
14706000	12123
14707800	12020
14709600	12063
14711400	12070
14713200	12169
14715000	12333
14716800	12542
14718600	12755
14720400	12911
14722200	13064
14724000	13212
14725800	13371
14727600	13465
14729400	13470
14731200	13463
14733000	13511
14734800	13634
14736600	13801
14738400	14102
14740200	14548
14742000	15043
14743800	15447
14745600	15653
14747400	15625
14749200	15486
14751000	15279
14752800	15015
14754600	14698
14756400	14331
14758200	13921
14760000	13609
14761800	13418
14763600	13250
14765400	13077
14767200	12958
14769000	12930
14770800	12902
14772600	12940
14774400	13011
14776200	13002
14778000	13023
14779800	13037
14781600	13031
14783400	12953
14785200	12837
14787000	12682
14788800	12501
14790600	12383
14792400	12246
14794200	12094
14796000	11951
14797800	11895
14799600	11993
14801400	12165
14803200	12395
14805000	12670
14806800	12896
14808600	13086
14810400	13210
14812200	13248
14814000	13274
14815800	13290
14817600	13288
14819400	13268
14821200	13230
14823000	13213
14824800	13300
14826600	13505
14828400	13810
14830200	14145
14832000	14464
14833800	14704
14835600	14902
14837400	15184
14839200	15289
14841000	15246
14842800	15137
14844600	15120
14846400	15190
14848200	15043
14850000	14861
14851800	14733
14853600	14604
14855400	14457
14857200	14312
14859000	14216
14860800	14122
14862600	13941
14864400	13717
14866200	13469
14868000	13171
14869800	12866
14871600	12549
14873400	12189
14875200	11808
14877000	11399
14878800	10971
14880600	10746
14882400	10662
14884200	10688
14886000	10899
14887800	11299
14889600	11746
14891400	12241
14893200	12743
14895000	13173
14896800	13525
14898600	13764
14900400	13861
14902200	13971
14904000	14108
14905800	14125
14907600	14119
14909400	14253
14911200	14449
14913000	14667
14914800	14898
14916600	15159
14918400	15460
14920200	15732
14922000	15826
14923800	15691
14925600	15430
14927400	15269
14929200	15216
14931000	14903
14932800	14580
14934600	14441
14936400	14294
14938200	14173
14940000	14100
14941800	14135
14943600	14236
14945400	14361
14947200	14494
14949000	14648
14950800	14815
14952600	14935
14954400	15034
14956200	15002
14958000	14954
14959800	14901
14961600	14842
14963400	14742
14965200	14540
14967000	14368
14968800	14373
14970600	14483
14972400	14658
14974200	14798
14976000	14872
14977800	14963
14979600	15059
14981400	15121
14983200	15092
14985000	15051
14986800	15038
14988600	14949
14990400	14842
14992200	14782
14994000	14749
14995800	14789
14997600	14956
14999400	15198
15001200	15501
15003000	15883
15004800	16315
15006600	16686
15008400	16971
15010200	17286
15012000	17355
15013800	17006
15015600	16592
15017400	16205
15019200	15821
15021000	15380
15022800	14912
15024600	14570
15026400	14352
15028200	14136
15030000	13887
15031800	13657
15033600	13480
15035400	13328
15037200	13203
15039000	13149
15040800	13102
15042600	12947
15044400	12690
15046200	12655
15048000	12473
15049800	12263
15051600	11968
15053400	11805
15055200	11641
15057000	11511
15058800	11611
15060600	11778
15062400	11990
15064200	12252
15066000	12516
15067800	12739
15069600	12923
15071400	13057
15073200	13196
15075000	13340
15076800	13492
15078600	13714
15080400	13974
15082200	14256
15084000	14587
15085800	14885
15087600	15186
15089400	15556
15091200	15885
15093000	15928
15094800	15707
15096600	15441
15098400	15154
15100200	14838
15102000	14607
15103800	14330
15105600	13932
15107400	13662
15109200	13401
15111000	13201
15112800	13050
15114600	12801
15116400	12604
15118200	12544
15120000	12477
15121800	12403
15123600	12324
15125400	12282
15127200	12278
15129000	12183
15130800	12022
15132600	11878
15134400	11753
15136200	11686
15138000	11591
15139800	11458
15141600	11282
15143400	11140
15145200	11172
15147000	11241
15148800	11344
15150600	11490
15152400	11643
15154200	11757
15156000	11802
15157800	11893
15159600	11974
15161400	12007
15163200	11988
15165000	12011
15166800	12105
15168600	12275
15170400	12440
15172200	12602
15174000	12768
15175800	12966
15177600	13195
15179400	13379
15181200	13405
15183000	13236
15184800	12974
15186600	12764
15188400	12557
15190200	12266
15192000	11987
15193800	11749
15195600	11547
15197400	11410
15199200	11335
15201000	11244
15202800	11196
15204600	11260
15206400	11327
15208200	11389
15210000	11451
15211800	11516
15213600	11579
15215400	11616
15217200	11597
15219000	11549
15220800	11472
15222600	11301
15224400	11057
15226200	11009
15228000	11070
15229800	11085
15231600	11166
15233400	11287
15235200	11489
15237000	11698
15238800	11800
15240600	11894
15242400	12022
15244200	12193
15246000	12355
15247800	12444
15249600	12485
15251400	12646
15253200	12803
15255000	12978
15256800	13282
15258600	13711
15260400	14225
15262200	14661
15264000	15041
15265800	15385
15267600	15434
15269400	15364
15271200	15213
15273000	14970
15274800	14734
15276600	14533
15278400	14327
15280200	14087
15282000	13824
15283800	13675
15285600	13621
15287400	13547
15289200	13502
15291000	13497
15292800	13515
15294600	13519
15296400	13490
15298200	13521
15300000	13522
15301800	13341
15303600	12990
15305400	12584
15307200	12205
15309000	11950
15310800	11729
15312600	11501
15314400	11442
15316200	11564
15318000	11839
15319800	12204
15321600	12513
15323400	12827
15325200	13081
15327000	13240
15328800	13319
15330600	13367
15332400	13304
15334200	13194
15336000	13138
15337800	13126
15339600	13204
15341400	13406
15343200	13827
15345000	14477
15346800	15299
15348600	16176
15350400	16858
15352200	16816
15354000	16244
15355800	15816
15357600	15434
15359400	14930
15361200	14393
15363000	13860
15364800	13417
15366600	13108
15368400	12906
15370200	12809
15372000	12770
15373800	12741
15375600	12745
15377400	12893
15379200	13148
15381000	13342
15382800	13508
15384600	13746
15386400	13943
15388200	13920
15390000	13841
15391800	13671
15393600	13466
15395400	13299
15397200	13058
15399000	12779
15400800	12569
15402600	12567
15404400	12850
15406200	13199
15408000	13637
15409800	14251
15411600	14872
15413400	15383
15415200	15793
15417000	16092
15418800	16390
15420600	16686
15422400	16972
15424200	17176
15426000	17267
15427800	17405
15429600	17623
15431400	17836
15433200	18094
15435000	18400
15436800	18581
15438600	18628
15440400	18332
15442200	17913
15444000	17555
15445800	17228
15447600	16889
15449400	16551
15451200	16254
15453000	16166
15454800	16321
15456600	16530
15458400	16750
15460200	16936
15462000	17019
15463800	16864
15465600	16618
15467400	16434
15469200	16244
15471000	15975
15472800	15767
15474600	15757
15476400	15834
15478200	15846
15480000	15792
15481800	15555
15483600	15182
15485400	14859
15487200	14609
15489000	14558
15490800	14712
15492600	14981
15494400	15284
15496200	15576
15498000	15837
15499800	16115
15501600	16394
15503400	16604
15505200	16657
15507000	16607
15508800	16534
15510600	16559
15512400	16608
15514200	16409
15516000	16127
15517800	16048
15519600	15982
15521400	15906
15523200	15826
15525000	15669
15526800	15453
15528600	15307
15530400	15142
15532200	14959
15534000	14809
15535800	14817
15537600	14903
15539400	14892
15541200	14769
15543000	14684
15544800	14677
15546600	14755
15548400	14880
15550200	14879
15552000	14862
15553800	14899
15555600	14907
15557400	14850
15559200	14739
15561000	14576
15562800	14362
15564600	14133
15566400	13920
15568200	13699
15570000	13447
15571800	13148
15573600	12903
15575400	12792
15577200	12982
15579000	13459
15580800	14095
15582600	14829
15584400	15572
15586200	16330
15588000	17174
15589800	18020
15591600	18820
15593400	19509
15595200	19892
15597000	19911
15598800	19541
15600600	18984
15602400	18378
15604200	17566
15606000	16761
15607800	16121
15609600	15735
15611400	15446
15613200	15238
15615000	15108
15616800	15046
15618600	15015
15620400	14929
15622200	14916
15624000	14956
15625800	15022
15627600	15073
15629400	15078
15631200	14996
15633000	14890
15634800	14766
15636600	14633
15638400	14461
15640200	14230
15642000	13997
15643800	13771
15645600	13531
15647400	13253
15649200	12999
15651000	12787
15652800	12607
15654600	12420
15656400	12193
15658200	11979
15660000	11858
15661800	11794
15663600	11816
15665400	11855
15667200	11876
15669000	11902
15670800	11910
15672600	11917
15674400	11929
15676200	11940
15678000	11995
15679800	12192
15681600	12487
15683400	12789
15685200	13217
15687000	13825
15688800	14718
15690600	16024
15692400	17449
15694200	18838
15696000	19853
15697800	19962
15699600	19563
15701400	19300
15703200	18981
15705000	18623
15706800	18285
15708600	17998
15710400	17713
15712200	17424
15714000	17136
15715800	16861
15717600	16672
15719400	16662
15721200	16724
15723000	16692
15724800	16655
15726600	16592
15728400	16472
15730200	16473
15732000	16501
15733800	16420
15735600	16199
15737400	15854
15739200	15489
15741000	15172
15742800	14911
15744600	14755
15746400	14622
15748200	14358
15750000	14069
15751800	13963
15753600	14102
15755400	14326
15757200	14595
15759000	14953
15760800	15429
15762600	16032
15764400	16646
15766200	17143
15768000	17548
15769800	17888
15771600	18056
15773400	17922
15775200	17594
15777000	17289
15778800	17149
15780600	17190
15782400	17295
15784200	17310
15786000	17271
15787800	17250
15789600	17143
15791400	16962
15793200	16717
15795000	16356
15796800	15930
15798600	15533
15800400	15182
15802200	14923
15804000	14706
15805800	14489
15807600	14346
15809400	14263
15811200	14248
15813000	14256
15814800	14217
15816600	14189
15818400	14166
15820200	14070
15822000	13938
15823800	13790
15825600	13586
15827400	13332
15829200	13045
15831000	12810
15832800	12628
15834600	12563
15836400	12957
15838200	13793
15840000	14684
15841800	15544
15843600	16362
15845400	16998
15847200	17390
15849000	17575
15850800	17545
15852600	17467
15854400	17325
15856200	17127
15858000	16908
15859800	16834
15861600	16968
15863400	17229
15865200	17700
15867000	18310
15868800	18982
15870600	19329
15872400	19404
15874200	19529
15876000	19598
15877800	19556
15879600	19480
15881400	19415
15883200	19357
15885000	19330
15886800	19419
15888600	19560
15890400	19548
15892200	19416
15894000	19253
15895800	19056
15897600	18806
15899400	18479
15901200	18092
15903000	17675
15904800	17234
15906600	16804
15908400	16470
15910200	16152
15912000	15837
15913800	15572
15915600	15317
15917400	15137
15919200	14997
15921000	14763
15922800	14583
15924600	14503
15926400	14538
15928200	14576
15930000	14596
15931800	14663
15933600	14834
15935400	15118
15937200	15343
15939000	15487
15940800	15629
15942600	15770
15944400	15904
15946200	16026
15948000	16127
15949800	16196
15951600	16178
15953400	16062
15955200	15897
15957000	15732
15958800	15543
15960600	15317
15962400	15094
15964200	14772
15966000	14419
15967800	14165
15969600	13985
15971400	13830
15973200	13753
15975000	13724
15976800	13737
15978600	13801
15980400	13866
15982200	13793
15984000	13582
15985800	13280
15987600	12958
15989400	12667
15991200	12381
15993000	12249
15994800	12188
15996600	12115
15998400	12052
16000200	11959
16002000	11801
16003800	11509
16005600	11159
16007400	10874
16009200	10628
16011000	10454
16012800	10347
16014600	10275
16016400	10200
16018200	10127
16020000	10053
16021800	9910
16023600	9735
16025400	9752
16027200	9816
16029000	9819
16030800	9863
16032600	10003
16034400	10166
16036200	10256
16038000	10348
16039800	10437
16041600	10525
16043400	10574
16045200	10585
16047000	10605
16048800	10603
16050600	10708
16052400	10828
16054200	10794
16056000	10748
16057800	10826
16059600	10957
16061400	11160
16063200	11356
16065000	11503
16066800	11629
16068600	11765
16070400	11904
16072200	12018
16074000	12062
16075800	12035
16077600	11955
16079400	11864
16081200	11718
16083000	11417
16084800	11049
16086600	10760
16088400	10511
16090200	10322
16092000	10220
16093800	10150
16095600	10156
16097400	10267
16099200	10379
16101000	10490
16102800	10605
16104600	10722
16106400	10840
16108200	10863
16110000	10831
16111800	10901
16113600	10911
16115400	11009
16117200	11148
16119000	11367
16120800	11669
16122600	11952
16124400	12274
16126200	12730
16128000	13212
16129800	13606
16131600	13801
16133400	13742
16135200	13551
16137000	13390
16138800	13213
16140600	12907
16142400	12582
16144200	12328
16146000	12091
16147800	11868
16149600	11712
16151400	11665
16153200	11611
16155000	11614
16156800	11671
16158600	11673
16160400	11691
16162200	11627
16164000	11539
16165800	11498
16167600	11439
16169400	11295
16171200	11158
16173000	11019
16174800	10882
16176600	10773
16178400	10726
16180200	10728
16182000	10914
16183800	11318
16185600	11656
16187400	11932
16189200	12212
16191000	12479
16192800	12663
16194600	12686
16196400	12632
16198200	12639
16200000	12677
16201800	12744
16203600	12835
16205400	13040
16207200	13484
16209000	14128
16210800	14891
16212600	15639
16214400	16336
16216200	16646
16218000	16512
16219800	16349
16221600	16182
16223400	16035
16225200	15911
16227000	15750
16228800	15576
16230600	15476
16232400	15568
16234200	15797
16236000	16011
16237800	16153
16239600	16233
16241400	16228
16243200	16176
16245000	16221
16246800	16311
16248600	16252
16250400	16113
16252200	15930
16254000	15742
16255800	15626
16257600	15568
16259400	15329
16261200	15049
16263000	14956
16264800	14868
16266600	14781
16268400	14675
16270200	14501
16272000	14294
16273800	14161
16275600	14149
16277400	14161
16279200	14167
16281000	14098
16282800	14001
16284600	14077
16286400	14160
16288200	14147
16290000	14132
16291800	14118
16293600	14104
16295400	14097
16297200	14078
16299000	14009
16300800	13917
16302600	13897
16304400	13926
16306200	13799
16308000	13620
16309800	13628
16311600	13642
16313400	13556
16315200	13473
16317000	13385
16318800	13307
16320600	13281
16322400	13280
16324200	13268
16326000	13257
16327800	13245
16329600	13234
16331400	13222
16333200	13210
16335000	13153
16336800	13053
16338600	13033
16340400	13034
16342200	12963
16344000	12876
16345800	12866
16347600	12862
16349400	12782
16351200	12702
16353000	12626
16354800	12548
16356600	12478
16358400	12400
16360200	12271
16362000	12118
16363800	11976
16365600	11836
16367400	11747
16369200	11691
16371000	11482
16372800	11241
16374600	11108
16376400	10969
16378200	10861
16380000	10814
16381800	10803
16383600	10800
16385400	10720
16387200	10651
16389000	10630
16390800	10661
16392600	10545
16394400	10381
16396200	10374
16398000	10397
16399800	10364
16401600	10371
16403400	10418
16405200	10484
16407000	10499
16408800	10470
16410600	10333
16412400	10061
16414200	9830
16416000	9557
16417800	9163
16419600	8775
16421400	8407
16423200	8113
16425000	8011
16426800	7979
16428600	7862
16430400	7730
16432200	7582
16434000	7494
16435800	7297
16437600	7111
16439400	7043
16441200	7088
16443000	7217
16444800	7326
16446600	7389
16448400	7426
16450200	7517
16452000	7646
16453800	7703
16455600	7748
16457400	7855
16459200	7975
16461000	8036
16462800	8085
16464600	8203
16466400	8325
16468200	8322
16470000	8283
16471800	8346
16473600	8400
16475400	8505
16477200	8640
16479000	8640
16480800	8604
16482600	8667
16484400	8721
16486200	8793
16488000	8845
16489800	8841
16491600	8840
16493400	8836
16495200	8832
16497000	8828
16498800	8827
16500600	8865
16502400	8943
16504200	8939
16506000	8933
16507800	9049
16509600	9204
16511400	9269
16513200	9321
16515000	9461
16516800	9608
16518600	9666
16520400	9730
16522200	9795
16524000	9859
16525800	9936
16527600	10009
16529400	10067
16531200	10138
16533000	10150
16534800	10149
16536600	10166
16538400	10150
16540200	10152
16542000	10151
16543800	10202
16545600	10338
16547400	10606
16549200	10939
16551000	11382
16552800	12018
16554600	12930
16556400	13965
16558200	15029
16560000	15895
16561800	16211
16563600	16265
16565400	16181
16567200	16065
16569000	16066
16570800	16136
16572600	16073
16574400	15965
16576200	15810
16578000	15720
16579800	15657
16581600	15618
16583400	15572
16585200	15480
16587000	15408
16588800	15334
16590600	15240
16592400	15135
16594200	15034
16596000	14931
16597800	14792
16599600	14602
16601400	14431
16603200	14260
16605000	14025
16606800	13739
16608600	13563
16610400	13412
16612200	13375
16614000	13660
16615800	14067
16617600	14564
16619400	15161
16621200	15752
16623000	16168
16624800	16450
16626600	16685
16628400	16825
16630200	16832
16632000	16842
16633800	16939
16635600	17075
16637400	17180
16639200	17267
16641000	17525
16642800	18060
16644600	18586
16646400	19015
16648200	19202
16650000	19199
16651800	19309
16653600	19372
16655400	19092
16657200	18789
16659000	18639
16660800	18482
16662600	18334
16664400	18152
16666200	17934
16668000	17779
16669800	17686
16671600	17666
16673400	17697
16675200	17633
16677000	17424
16678800	17195
16680600	17035
16682400	16887
16684200	16653
16686000	16336
16687800	15895
16689600	15414
16691400	14994
16693200	14621
16695000	14314
16696800	14108
16698600	14030
16700400	14248
16702200	14709
16704000	15224
16705800	15791
16707600	16348
16709400	16687
16711200	16763
16713000	16696
16714800	16569
16716600	16397
16718400	16219
16720200	16142
16722000	16209
16723800	16344
16725600	16690
16727400	17381
16729200	18248
16731000	19175
16732800	20112
16734600	20609
16736400	20702
16738200	20844
16740000	20905
16741800	20851
16743600	20768
16745400	20554
16747200	20251
16749000	20108
16750800	19908
16752600	19536
16754400	19272
16756200	19088
16758000	18911
16759800	18737
16761600	18566
16763400	18389
16765200	18131
16767000	17732
16768800	17309
16770600	17007
16772400	16708
16774200	16261
16776000	15790
16777800	15429
16779600	15085
16781400	14732
16783200	14530
16785000	14525
16786800	14749
16788600	15127
16790400	15634
16792200	16246
16794000	16752
16795800	17176
16797600	17590
16799400	17984
16801200	18390
16803000	18786
16804800	19090
16806600	19338
16808400	19497
16810200	19588
16812000	19554
16813800	19430
16815600	19289
16817400	19111
16819200	19021
16821000	19080
16822800	19272
16824600	19535
16826400	19788
16828200	20033
16830000	20229
16831800	20311
16833600	20301
16835400	20223
16837200	20119
16839000	19969
16840800	19653
16842600	19174
16844400	18674
16846200	18179
16848000	17666
16849800	17079
16851600	16479
16853400	15941
16855200	15437
16857000	14939
16858800	14446
16860600	14044
16862400	13755
16864200	13501
16866000	13308
16867800	13211
16869600	13169
16871400	13147
16873200	13243
16875000	13443
16876800	13690
16878600	13898
16880400	14155
16882200	14577
16884000	15066
16885800	15520
16887600	16006
16889400	16572
16891200	17138
16893000	17627
16894800	18053
16896600	18439
16898400	18849
16900200	19339
16902000	19908
16903800	20440
16905600	20851
16907400	21251
16909200	21507
16911000	21659
16912800	21694
16914600	21624
16916400	21480
16918200	21288
16920000	21037
16921800	20625
16923600	20102
16925400	19536
16927200	18951
16929000	18380
16930800	17830
16932600	17275
16934400	16799
16936200	16419
16938000	16079
16939800	15712
16941600	15337
16943400	14981
16945200	14712
16947000	14539
16948800	14384
16950600	14218
16952400	14069
16954200	13987
16956000	13993
16957800	14029
16959600	14325
16961400	14992
16963200	15788
16965000	16676
16966800	17431
16968600	17882
16970400	18192
16972200	18408
16974000	18566
16975800	18584
16977600	18471
16979400	18392
16981200	18330
16983000	18303
16984800	18384
16986600	18854
16988400	19620
16990200	20327
16992000	20942
16993800	21248
16995600	21288
16997400	21292
16999200	21158
17001000	20833
17002800	20432
17004600	20046
17006400	19732
17008200	19540
17010000	19661
17011800	20100
17013600	20544
17015400	20787
17017200	20858
17019000	20724
17020800	20322
17022600	19688
17024400	19018
17026200	18349
17028000	17665
17029800	16924
17031600	16177
17033400	15527
17035200	15076
17037000	14679
17038800	14291
17040600	14037
17042400	13827
17044200	13537
17046000	13310
17047800	13279
17049600	13263
17051400	13235
17053200	13220
17055000	13185
17056800	13011
17058600	12757
17060400	12506
17062200	12257
17064000	12015
17065800	11996
17067600	12268
17069400	12430
17071200	12617
17073000	12870
17074800	13117
17076600	13269
17078400	13327
17080200	13331
17082000	13331
17083800	13254
17085600	13084
17087400	12932
17089200	12800
17091000	12706
17092800	12585
17094600	12411
17096400	12235
17098200	12105
17100000	12054
17101800	12026
17103600	12054
17105400	12148
17107200	12242
17109000	12291
17110800	12304
17112600	12393
17114400	12484
17116200	12448
17118000	12364
17119800	12354
17121600	12365
17123400	12281
17125200	12088
17127000	11930
17128800	11870
17130600	11890
17132400	12053
17134200	12305
17136000	12569
17137800	12890
17139600	13215
17141400	13501
17143200	13685
17145000	13731
17146800	13762
17148600	13913
17150400	14049
17152200	14162
17154000	14254
17155800	14547
17157600	15164
17159400	15835
17161200	16612
17163000	17512
17164800	18317
17166600	18647
17168400	18781
17170200	18909
17172000	19029
17173800	19168
17175600	19364
17177400	19509
17179200	19603
17181000	19593
17182800	19525
17184600	19484
17186400	19502
17188200	19565
17190000	19547
17191800	19369
17193600	19178
17195400	19106
17197200	19072
17199000	18975
17200800	18848
17202600	18701
17204400	18528
17206200	18302
17208000	18060
17209800	17876
17211600	17725
17213400	17604
17215200	17542
17217000	17614
17218800	17922
17220600	18314
17222400	18654
17224200	19039
17226000	19426
17227800	19734
17229600	19848
17231400	19763
17233200	19656
17235000	19627
17236800	19597
17238600	19569
17240400	19537
17242200	19600
17244000	19811
17245800	20093
17247600	20506
17249400	21055
17251200	21680
17253000	22042
17254800	22027
17256600	21753
17258400	21635
17260200	21618
17262000	21139
17263800	20871
17265600	20586
17267400	20255
17269200	19889
17271000	19591
17272800	19330
17274600	19039
17276400	18749
17278200	18461
17280000	18173
17281800	17875
17283600	17600
17285400	17316
17287200	16905
17289000	16391
17290800	15701
17292600	14872
17294400	14146
17296200	13502
17298000	12864
17299800	12453
17301600	12484
17303400	12718
17305200	13015
17307000	13200
17308800	13327
17310600	13469
17312400	13603
17314200	13748
17316000	13825
17317800	13782
17319600	13780
17321400	13846
17323200	14001
17325000	14264
17326800	14670
17328600	15220
17330400	16013
17332200	17067
17334000	18245
17335800	19426
17337600	20444
17339400	20920
17341200	20900
17343000	20796
17344800	20682
17346600	20612
17348400	20498
17350200	20202
17352000	19870
17353800	19633
17355600	19457
17357400	19249
17359200	19104
17361000	19105
17362800	19185
17364600	19235
17366400	19236
17368200	19258
17370000	19212
17371800	19087
17373600	18956
17375400	18800
17377200	18564
17379000	18198
17380800	17795
17382600	17472
17384400	17165
17386200	16855
17388000	16551
17389800	16241
17391600	15998
17393400	15948
17395200	16157
17397000	16630
17398800	17304
17400600	18173
17402400	19099
17404200	20165
17406000	21351
17407800	22156
17409600	22497
17411400	22462
17413200	21916
17415000	21064
17416800	20130
17418600	19125
17420400	18130
17422200	17260
17424000	16626
17425800	16306
17427600	16120
17429400	15909
17431200	15807
17433000	15865
17434800	15932
17436600	15973
17438400	16027
17440200	16160
17442000	16334
17443800	16423
17445600	16403
17447400	16391
17449200	16372
17451000	16308
17452800	16202
17454600	16037
17456400	15866
17458200	15703
17460000	15524
17461800	15274
17463600	14990
17465400	14742
17467200	14563
17469000	14463
17470800	14425
17472600	14362
17474400	14265
17476200	14220
17478000	14225
17479800	14251
17481600	14290
17483400	14341
17485200	14414
17487000	14497
17488800	14606
17490600	14749
17492400	14919
17494200	15089
17496000	15179
17497800	15216
17499600	15260
17501400	15335
17503200	15504
17505000	15728
17506800	15951
17508600	16163
17510400	16275
17512200	16304
17514000	16256
17515800	16175
17517600	16056
17519400	16021
17521200	15929
17523000	16023
17524800	16113
17526600	16136
17528400	16140
17530200	16176
17532000	16250
17533800	16369
17535600	16489
17537400	16526
17539200	16505
17541000	16653
17542800	16840
17544600	16868
17546400	16836
17548200	16749
17550000	16653
17551800	16576
17553600	16467
17555400	16250
17557200	16007
17559000	15804
17560800	15671
17562600	15694
17564400	15964
17566200	16345
17568000	16753
17569800	17225
17571600	17621
17573400	17877
17575200	17997
17577000	18022
17578800	17968
17580600	17812
17582400	17589
17584200	17470
17586000	17463
17587800	17305
17589600	17252
17591400	17462
17593200	17953
17595000	18445
17596800	18917
17598600	19364
17600400	19692
17602200	19998
17604000	20265
17605800	20454
17607600	20554
17609400	20535
17611200	20627
17613000	20567
17614800	20416
17616600	20343
17618400	20209
17620200	20003
17622000	19853
17623800	19741
17625600	19631
17627400	19433
17629200	19182
17631000	19013
17632800	18816
17634600	18479
17636400	18090
17638200	17708
17640000	17309
17641800	16958
17643600	16649
17645400	16351
17647200	16169
17649000	16405
17650800	17087
17652600	17891
17654400	18692
17656200	19565
17658000	20403
17659800	20998
17661600	21345
17663400	21439
17665200	21359
17667000	21238
17668800	21092
17670600	20848
17672400	20578
17674200	20507
17676000	20554
17677800	20816
17679600	21331
17681400	21985
17683200	22613
17685000	22690
17686800	22618
17688600	22762
17690400	22816
17692200	22740
17694000	22611
17695800	22426
17697600	22235
17699400	22036
17701200	21802
17703000	21574
17704800	21341
17706600	21108
17708400	20830
17710200	20503
17712000	20124
17713800	19684
17715600	19319
17717400	19110
17719200	18778
17721000	18360
17722800	17909
17724600	17518
17726400	17173
17728200	16824
17730000	16486
17731800	16216
17733600	16138
17735400	16152
17737200	16229
17739000	16340
17740800	16465
17742600	16535
17744400	16510
17746200	16443
17748000	16286
17749800	16058
17751600	15808
17753400	15566
17755200	15383
17757000	15424
17758800	15651
17760600	15720
17762400	15891
17764200	16498
17766000	17210
17767800	17905
17769600	18299
17771400	18453
17773200	18314
17775000	18435
17776800	18490
17778600	18421
17780400	18331
17782200	18273
17784000	18332
17785800	18466
17787600	18594
17789400	18741
17791200	18919
17793000	19104
17794800	19321
17796600	19669
17798400	20064
17800200	20351
17802000	20561
17803800	20694
17805600	20752
17807400	20732
17809200	20649
17811000	20539
17812800	20286
17814600	19860
17816400	19412
17818200	19085
17820000	18895
17821800	18682
17823600	18530
17825400	18507
17827200	18573
17829000	18734
17830800	18907
17832600	18939
17834400	18862
17836200	18859
17838000	18871
17839800	18748
17841600	18586
17843400	18464
17845200	18377
17847000	18393
17848800	18535
17850600	18822
17852400	19139
17854200	19401
17856000	19546
17857800	19626
17859600	19695
17861400	19702
17863200	19649
17865000	19541
17866800	19415
17868600	19270
17870400	19126
17872200	19049
17874000	19000
17875800	18963
17877600	18963
17879400	18935
17881200	18913
17883000	19034
17884800	19216
17886600	19372
17888400	19443
17890200	19423
17892000	19391
17893800	19318
17895600	19189
17897400	18966
17899200	18611
17901000	18137
17902800	17651
17904600	17337
17906400	17155
17908200	17064
17910000	17132
17911800	17264
17913600	17422
17915400	17740
17917200	18088
17919000	18199
17920800	18156
17922600	18119
17924400	18043
17926200	17924
17928000	17797
17929800	17835
17931600	18024
17933400	18080
17935200	18330
17937000	19048
17938800	19861
17940600	20685
17942400	21409
17944200	21542
17946000	21243
17947800	21102
17949600	20884
17951400	20515
17953200	20136
17955000	19805
17956800	19521
17958600	19271
17960400	19038
17962200	18875
17964000	18972
17965800	19000
17967600	19098
17969400	19246
17971200	19429
17973000	19651
17974800	19900
17976600	20149
17978400	20277
17980200	20251
17982000	20119
17983800	19896
17985600	19659
17987400	19388
17989200	19046
17991000	18653
17992800	18336
17994600	18192
17996400	18158
17998200	18124
18000000	18179
18001800	18392
18003600	18595
18005400	18700
18007200	18745
18009000	18788
18010800	18816
18012600	18837
18014400	18818
18016200	18770
18018000	18790
18019800	18871
18021600	19035
18023400	19165
18025200	19247
18027000	19333
18028800	19523
18030600	19802
18032400	19934
18034200	19995
18036000	19950
18037800	19845
18039600	19818
18041400	19796
18043200	19748
18045000	19766
18046800	19809
18048600	19785
18050400	19796
18052200	19898
18054000	20005
18055800	20112
18057600	20212
18059400	20349
18061200	20426
18063000	20359
18064800	20252
18066600	20104
18068400	19902
18070200	19621
18072000	19178
18073800	18570
18075600	17945
18077400	17403
18079200	17044
18081000	16901
18082800	17087
18084600	17531
18086400	18023
18088200	18479
18090000	18874
18091800	19112
18093600	19198
18095400	19224
18097200	19191
18099000	19160
18100800	19168
18102600	19116
18104400	19097
18106200	19318
18108000	19752
18109800	20388
18111600	21040
18113400	21694
18115200	22151
18117000	22277
18118800	22136
18120600	21834
18122400	21468
18124200	21084
18126000	20763
18127800	20493
18129600	20223
18131400	19966
18133200	19699
18135000	19427
18136800	19183
18138600	18876
18140400	18596
18142200	18465
18144000	18384
18145800	18326
18147600	18320
18149400	18376
18151200	18402
18153000	18334
18154800	18231
18156600	18147
18158400	18034
18160200	17869
18162000	17710
18163800	17593
18165600	17509
18167400	17484
18169200	17687
18171000	18106
18172800	18597
18174600	19088
18176400	19455
18178200	19671
18180000	19765
18181800	19730
18183600	19624
18185400	19461
18187200	19294
18189000	19309
18190800	19448
18192600	19382
18194400	19412
18196200	19820
18198000	20318
18199800	20802
18201600	21191
18203400	21194
18205200	21016
18207000	20934
18208800	20789
18210600	20546
18212400	20335
18214200	20228
18216000	20154
18217800	20043
18219600	19909
18221400	19815
18223200	19810
18225000	19855
18226800	19944
18228600	20079
18230400	20220
18232200	20329
18234000	20386
18235800	20361
18237600	20278
18239400	20164
18241200	19991
18243000	19612
18244800	19045
18246600	18499
18248400	17999
18250200	17574
18252000	17332
18253800	17388
18255600	17727
18257400	18122
18259200	18533
18261000	19050
18262800	19499
18264600	19800
18266400	20058
18268200	20268
18270000	20436
18271800	20558
18273600	20632
18275400	20644
18277200	20639
18279000	20704
18280800	20779
18282600	20798
18284400	20782
18286200	20727
18288000	20612
18289800	20634
18291600	20811
18293400	20889
18295200	20816
18297000	20677
18298800	20392
18300600	20030
18302400	19807
18304200	19622
18306000	19405
18307800	19142
18309600	18879
18311400	18689
18313200	18519
18315000	18371
18316800	18224
18318600	17998
18320400	17756
18322200	17400
18324000	16987
18325800	16669
18327600	16357
18329400	15964
18331200	15510
18333000	15057
18334800	14655
18336600	14326
18338400	14210
18340200	14324
18342000	14634
18343800	15010
18345600	15408
18347400	15878
18349200	16287
18351000	16610
18352800	16826
18354600	16891
18356400	16834
18358200	16685
18360000	16452
18361800	16133
18363600	15767
18365400	15421
18367200	15071
18369000	14654
18370800	14255
18372600	14098
18374400	14171
18376200	14247
18378000	14276
18379800	14259
18381600	14322
18383400	14519
18385200	14668
18387000	14729
18388800	14748
18390600	14937
18392400	15181
18394200	15264
18396000	15367
18397800	15483
18399600	15622
18401400	15795
18403200	15871
18405000	15766
18406800	15611
18408600	15427
18410400	15202
18412200	14844
18414000	14247
18415800	13504
18417600	12693
18419400	11832
18421200	10983
18423000	10301
18424800	9928
18426600	9806
18428400	10018
18430200	10475
18432000	10993
18433800	11643
18435600	12351
18437400	12936
18439200	13390
18441000	13878
18442800	14336
18444600	14632
18446400	14874
18448200	15093
18450000	15284
18451800	15496
18453600	15823
18455400	16234
18457200	16676
18459000	17040
18460800	17414
18462600	17875
18464400	18300
18466200	18408
18468000	18209
18469800	17931
18471600	17627
18473400	17301
18475200	16960
18477000	16859
18478800	17064
18480600	17380
18482400	17777
18484200	18061
18486000	18063
18487800	17748
18489600	17329
18491400	16847
18493200	16348
18495000	15870
18496800	15459
18498600	15241
18500400	15230
18502200	15285
18504000	15326
18505800	15329
18507600	15184
18509400	14823
18511200	14403
18513000	14005
18514800	13614
18516600	13282
18518400	13002
18520200	12655
18522000	12339
18523800	12174
18525600	12098
18527400	12003
18529200	11944
18531000	11916
18532800	11919
18534600	12040
18536400	12192
18538200	12250
18540000	12302
18541800	12360
18543600	12415
18545400	12396
18547200	12280
18549000	12149
18550800	11971
18552600	11897
18554400	11832
18556200	11815
18558000	12013
18559800	12181
18561600	12366
18563400	12608
18565200	12865
18567000	13020
18568800	13110
18570600	13174
18572400	13214
18574200	13227
18576000	13188
18577800	13052
18579600	12883
18581400	12793
18583200	12712
18585000	12566
18586800	12409
18588600	12316
18590400	12241
18592200	12111
18594000	11947
18595800	11814
18597600	11741
18599400	11731
18601200	11909
18603000	12295
18604800	12649
18606600	13028
18608400	13396
18610200	13603
18612000	13601
18613800	13568
18615600	13501
18617400	13391
18619200	13257
18621000	13076
18622800	12870
18624600	12797
18626400	12892
18628200	13038
18630000	13331
18631800	13800
18633600	14372
18635400	15133
18637200	15900
18639000	16531
18640800	16808
18642600	17018
18644400	16863
18646200	16831
18648000	16653
18649800	16431
18651600	16197
18653400	16008
18655200	15864
18657000	15695
18658800	15595
18660600	15611
18662400	15633
18664200	15649
18666000	15662
18667800	15656
18669600	15641
18671400	15654
18673200	15666
18675000	15679
18676800	15692
18678600	15703
18680400	15714
18682200	15725
18684000	15740
18685800	15800
18687600	15881
18689400	15873
18691200	15816
18693000	15813
18694800	15843
18696600	15824
18698400	15761
18700200	15688
18702000	15671
18703800	15712
18705600	15804
18707400	15936
18709200	16022
18711000	16100
18712800	16254
18714600	16534
18716400	17052
18718200	17702
18720000	18220
18721800	18362
18723600	18339
18725400	18475
18727200	18541
18729000	18490
18730800	18384
18732600	18287
18734400	18209
18736200	18071
18738000	17881
18739800	17662
18741600	17519
18743400	17448
18745200	17422
18747000	17288
18748800	17058
18750600	17000
18752400	16999
18754200	16866
18756000	16693
18757800	16627
18759600	16571
18761400	16521
18763200	16458
18765000	16269
18766800	16006
18768600	15857
18770400	15808
18772200	15859
18774000	15942
18775800	15947
18777600	15960
18779400	16096
18781200	16389
18783000	16793
18784800	17218
18786600	17696
18788400	18173
18790200	18627
18792000	19051
18793800	19313
18795600	19408
18797400	19648
18799200	20028
18801000	20157
18802800	19912
18804600	19370
18806400	18424
18808200	17118
18810000	15878
18811800	14828
18813600	13798
18815400	12971
18817200	12831
18819000	13263
18820800	13892
18822600	14702
18824400	15421
18826200	15697
18828000	15782
18829800	15820
18831600	15875
18833400	15960
18835200	16104
18837000	16239
18838800	16293
18840600	16389
18842400	16491
18844200	16515
18846000	16510
18847800	16510
18849600	16435
18851400	16339
18853200	16245
18855000	16154
18856800	16065
18858600	15985
18860400	15908
18862200	15914
18864000	16029
18865800	16087
18867600	16137
18869400	16279
18871200	16577
18873000	16966
18874800	17315
18876600	17612
18878400	17931
18880200	18409
18882000	18891
18883800	19364
18885600	19829
18887400	20247
18889200	20606
18891000	20962
18892800	21126
18894600	20960
18896400	20620
18898200	20237
18900000	19888
18901800	19558
18903600	19194
18905400	18669
18907200	18237
18909000	17857
18910800	17537
18912600	17286
18914400	17103
18916200	16970
18918000	16888
18919800	16897
18921600	16932
18923400	16877
18925200	16777
18927000	16681
18928800	16586
18930600	16449
18932400	16210
18934200	15852
18936000	15474
18937800	15205
18939600	15003
18941400	14686
18943200	14311
18945000	14270
18946800	14569
18948600	14871
18950400	15178
18952200	15661
18954000	16155
18955800	16608
18957600	17031
18959400	17335
18961200	17548
18963000	17884
18964800	18204
18966600	18460
18968400	18682
18970200	18821
18972000	19116
18973800	19389
18975600	19733
18977400	20059
18979200	20380
18981000	20729
18982800	21156
18984600	21572
18986400	21844
18988200	21969
18990000	21833
18991800	21509
18993600	21288
18995400	20516
18997200	20029
18999000	19530
19000800	19040
19002600	18611
19004400	18242
19006200	17900
19008000	17599
19009800	17287
19011600	16998
19013400	16747
19015200	16517
19017000	16327
19018800	16132
19020600	15898
19022400	15771
19024200	15767
19026000	15741
19027800	15569
19029600	15316
19031400	15160
19033200	15214
19035000	15515
19036800	15877
19038600	16195
19040400	16505
19042200	16701
19044000	16835
19045800	16938
19047600	17035
19049400	17122
19051200	17193
19053000	17275
19054800	17415
19056600	17774
19058400	18470
19060200	19325
19062000	20385
19063800	21474
19065600	22527
19067400	22847
19069200	22847
19071000	22847
19072800	22815
19074600	22488
19076400	22152
19078200	21783
19080000	21368
19081800	20942
19083600	20565
19085400	20277
19087200	20027
19089000	19686
19090800	19364
19092600	19247
19094400	19188
19096200	19004
19098000	18787
19099800	18671
19101600	18578
19103400	18402
19105200	18123
19107000	17817
19108800	17495
19110600	17202
19112400	16943
19114200	16734
19116000	16593
19117800	16497
19119600	16581
19121400	16861
19123200	17297
19125000	17785
19126800	18283
19128600	18856
19130400	19464
19132200	20108
19134000	20703
19135800	21095
19137600	21343
19139400	21514
19141200	21570
19143000	21556
19144800	21340
19146600	20868
19148400	20214
19150200	19412
19152000	18745
19153800	18325
19155600	17936
19157400	17531
19159200	17167
19161000	17038
19162800	17067
19164600	17063
19166400	17071
19168200	17121
19170000	17263
19171800	17442
19173600	17626
19175400	17971
19177200	18335
19179000	18611
19180800	18903
19182600	19133
19184400	19334
19186200	19508
19188000	19618
19189800	19592
19191600	19400
19193400	19074
19195200	18687
19197000	18283
19198800	17876
19200600	17544
19202400	17338
19204200	17263
19206000	17230
19207800	17191
19209600	17227
19211400	17362
19213200	17516
19215000	17617
19216800	17629
19218600	17648
19220400	17727
19222200	17848
19224000	18030
19225800	18205
19227600	18356
19229400	18575
19231200	18858
19233000	19297
19234800	19894
19236600	20480
19238400	20857
19240200	20833
19242000	20471
19243800	20122
19245600	19912
19247400	19660
19249200	19363
19251000	18982
19252800	18603
19254600	18347
19256400	18160
19258200	17981
19260000	17847
19261800	17798
19263600	17853
19265400	18001
19267200	18150
19269000	18212
19270800	18214
19272600	18344
19274400	18446
19276200	18365
19278000	18252
19279800	18135
19281600	18017
19283400	17877
19285200	17606
19287000	17305
19288800	17164
19290600	17098
19292400	17187
19294200	17412
19296000	17649
19297800	17900
19299600	18098
19301400	18229
19303200	18298
19305000	18260
19306800	18151
19308600	18095
19310400	18065
19312200	17979
19314000	17867
19315800	17781
19317600	17812
19319400	18102
19321200	18541
19323000	18988
19324800	19486
19326600	19970
19328400	20256
19330200	20315
19332000	20231
19333800	20103
19335600	19954
19337400	19733
19339200	19483
19341000	19275
19342800	19079
19344600	18874
19346400	18766
19348200	18805
19350000	18859
19351800	18830
19353600	18742
19355400	18774
19357200	18807
19359000	18795
19360800	18787
19362600	18671
19364400	18479
19366200	18249
19368000	17988
19369800	17692
19371600	17413
19373400	17246
19375200	17229
19377000	17328
19378800	17542
19380600	17729
19382400	17815
19384200	17941
19386000	18022
19387800	18019
19389600	18028
19391400	18142
19393200	18293
19395000	18363
19396800	18374
19398600	18432
19400400	18591
19402200	18906
19404000	19420
19405800	20093
19407600	20915
19409400	21822
19411200	22605
19413000	22847
19414800	22555
19416600	22147
19418400	21607
19420200	21023
19422000	20469
19423800	19857
19425600	19232
19427400	18690
19429200	18336
19431000	18182
19432800	18172
19434600	18176
19436400	18257
19438200	18493
19440000	18780
19441800	19043
19443600	19277
19445400	19486
19447200	19632
19449000	19635
19450800	19485
19452600	19219
19454400	18854
19456200	18340
19458000	17720
19459800	17211
19461600	16889
19463400	16847
19465200	17018
19467000	17196
19468800	17368
19470600	17719
19472400	18095
19474200	18279
19476000	18356
19477800	18513
19479600	18654
19481400	18617
19483200	18564
19485000	18624
19486800	18692
19488600	18819
19490400	19050
19492200	19329
19494000	19680
19495800	20214
19497600	20831
19499400	21250
19501200	21440
19503000	21375
19504800	21229
19506600	20975
19508400	20704
19510200	20410
19512000	20099
19513800	19779
19515600	19450
19517400	19209
19519200	19123
19521000	19094
19522800	19068
19524600	19039
19526400	19092
19528200	19156
19530000	19170
19531800	19299
19533600	19431
19535400	19449
19537200	19406
19539000	19325
19540800	19268
19542600	19238
19544400	19270
19546200	19286
19548000	19191
19549800	19070
19551600	19000
19553400	19058
19555200	19251
19557000	19450
19558800	19626
19560600	19802
19562400	20010
19564200	20383
19566000	20790
19567800	21019
19569600	21163
19571400	21291
19573200	21305
19575000	21164
19576800	20852
19578600	20490
19580400	20048
19582200	19480
19584000	18909
19585800	18386
19587600	17848
19589400	17342
19591200	16875
19593000	16543
19594800	16376
19596600	16359
19598400	16580
19600200	16951
19602000	17265
19603800	17464
19605600	17600
19607400	17600
19609200	17510
19611000	17364
19612800	17068
19614600	16590
19616400	16105
19618200	15723
19620000	15355
19621800	14990
19623600	14633
19625400	14359
19627200	14212
19629000	14156
19630800	14142
19632600	14099
19634400	14131
19636200	14232
19638000	14404
19639800	14600
19641600	14805
19643400	15094
19645200	15343
19647000	15489
19648800	15641
19650600	15795
19652400	15939
19654200	15985
19656000	16017
19657800	16201
19659600	16426
19661400	16776
19663200	17172
19665000	17716
19666800	18477
19668600	19257
19670400	20145
19672200	20808
19674000	21299
19675800	21584
19677600	21361
19679400	21285
19681200	20847
19683000	20469
19684800	20008
19686600	19625
19688400	19261
19690200	18843
19692000	18526
19693800	18276
19695600	18076
19697400	17902
19699200	17763
19701000	17676
19702800	17586
19704600	17516
19706400	17412
19708200	17240
19710000	17019
19711800	16814
19713600	16605
19715400	16486
19717200	16385
19719000	16342
19720800	16388
19722600	16404
19724400	16486
19726200	16659
19728000	16896
19729800	17147
19731600	17305
19733400	17399
19735200	17491
19737000	17585
19738800	17678
19740600	17771
19742400	17864
19744200	17953
19746000	18083
19747800	18314
19749600	18642
19751400	19106
19753200	19712
19755000	20359
19756800	20832
19758600	20839
19760400	20511
19762200	20219
19764000	19851
19765800	19304
19767600	18738
19769400	18171
19771200	17612
19773000	17087
19774800	16636
19776600	16307
19778400	16086
19780200	15825
19782000	15627
19783800	15531
19785600	15447
19787400	15361
19789200	15274
19791000	15177
19792800	15098
19794600	15088
19796400	15117
19798200	15054
19800000	14892
19801800	14763
19803600	14642
19805400	14570
19807200	14632
19809000	14842
19810800	15190
19812600	15627
19814400	16084
19816200	16538
19818000	16971
19819800	17319
19821600	17603
19823400	17761
19825200	17749
19827000	17779
19828800	17843
19830600	17840
19832400	17827
19834200	17940
19836000	18087
19837800	18212
19839600	18422
19841400	18754
19843200	19087
19845000	19477
19846800	19972
19848600	20460
19850400	20724
19852200	20736
19854000	20258
19855800	19768
19857600	19254
19859400	18855
19861200	18639
19863000	18691
19864800	18811
19866600	18878
19868400	18880
19870200	18741
19872000	18505
19873800	18335
19875600	18165
19877400	17823
19879200	17460
19881000	17088
19882800	16741
19884600	16536
19886400	16370
19888200	16100
19890000	15819
19891800	15605
19893600	15512
19895400	15449
19897200	15385
19899000	15327
19900800	15253
19902600	15140
19904400	15069
19906200	15050
19908000	15028
19909800	15023
19911600	15002
19913400	14955
19915200	14925
19917000	14888
19918800	14853
19920600	14880
19922400	14959
19924200	14894
19926000	14756
19927800	14656
19929600	14469
19931400	14189
19933200	13883
19935000	13561
19936800	13257
19938600	13166
19940400	13204
19942200	13304
19944000	13442
19945800	13629
19947600	13827
19949400	14000
19951200	14097
19953000	14013
19954800	13891
19956600	13876
19958400	13869
19960200	13776
19962000	13589
19963800	13436
19965600	13292
19967400	13163
19969200	13042
19971000	12918
19972800	12795
19974600	12736
19976400	12711
19978200	12651
19980000	12702
19981800	12792
19983600	12977
19985400	13205
19987200	13380
19989000	13554
19990800	13724
19992600	13913
19994400	14033
19996200	13963
19998000	13765
19999800	13722
20001600	13776
20003400	13662
20005200	13530
20007000	13661
20008800	13897
20010600	14119
20012400	14378
20014200	14651
20016000	14930
20017800	15110
20019600	15040
20021400	14917
20023200	14742
20025000	14610
20026800	14609
20028600	14594
20030400	14544
20032200	14374
20034000	14184
20035800	14020
20037600	13893
20039400	13727
20041200	13522
20043000	13314
20044800	13122
20046600	12918
20048400	12663
20050200	12522
20052000	12385
20053800	12148
20055600	11909
20057400	11671
20059200	11434
20061000	11236
20062800	11077
20064600	10901
20066400	10784
20068200	10777
20070000	10867
20071800	10991
20073600	11086
20075400	11210
20077200	11380
20079000	11621
20080800	11887
20082600	12144
20084400	12431
20086200	12751
20088000	13062
20089800	13358
20091600	13635
20093400	13942
20095200	14264
20097000	14601
20098800	15037
20100600	15406
20102400	15609
20104200	15620
20106000	15431
20107800	15126
20109600	14827
20111400	14681
20113200	14578
20115000	14381
20116800	14174
20118600	14046
20120400	13962
20122200	13810
20124000	13732
20125800	13764
20127600	13839
20129400	13852
20131200	13847
20133000	13893
20134800	13927
20136600	13831
20138400	13664
20140200	13532
20142000	13332
20143800	12953
20145600	12520
20147400	12219
20149200	11988
20151000	11776
20152800	11707
20154600	11689
20156400	11772
20158200	11982
20160000	12223
20161800	12444
20163600	12605
20165400	12733
20167200	12866
20169000	13018
20170800	13151
20172600	13216
20174400	13240
20176200	13228
20178000	13174
20179800	13162
20181600	13276
20183400	13407
20185200	13587
20187000	13841
20188800	14159
20190600	14488
20192400	14722
20194200	14883
20196000	14973
20197800	15121
20199600	15213
20201400	15023
20203200	14772
20205000	14653
20206800	14498
20208600	14143
20210400	13812
20212200	13522
20214000	13241
20215800	12910
20217600	12573
20219400	12284
20221200	12014
20223000	11699
20224800	11366
20226600	11037
20228400	10765
20230200	10452
20232000	10154
20233800	9945
20235600	9811
20237400	9661
20239200	9701
20241000	9910
20242800	10295
20244600	10771
20246400	11277
20248200	11865
20250000	12525
20251800	13245
20253600	13902
20255400	14514
20257200	15092
20259000	15629
20260800	16179
20262600	16728
20264400	17202
20266200	17607
20268000	17910
20269800	18115
20271600	18281
20273400	18454
20275200	18609
20277000	18682
20278800	18660
20280600	18558
20282400	18387
20284200	18161
20286000	17917
20287800	17654
20289600	17376
20291400	17113
20293200	16905
20295000	16762
20296800	16670
20298600	16540
20300400	16369
20302200	16238
20304000	16108
20305800	15981
20307600	15855
20309400	15778
20311200	15729
20313000	15604
20314800	15470
20316600	15336
20318400	15204
20320200	14977
20322000	14639
20323800	14369
20325600	14230
20327400	14326
20329200	14565
20331000	14766
20332800	15081
20334600	15514
20336400	16027
20338200	16571
20340000	17089
20341800	17645
20343600	18193
20345400	18543
20347200	18720
20349000	18926
20350800	19069
20352600	19190
20354400	19041
20356200	18439
20358000	17666
20359800	16896
20361600	16237
20363400	15780
20365200	15501
20367000	15341
20368800	15248
20370600	15217
20372400	15220
20374200	15316
20376000	15480
20377800	15584
20379600	15671
20381400	15748
20383200	15828
20385000	15824
20386800	15731
20388600	15768
20390400	15808
20392200	15761
20394000	15691
20395800	15586
20397600	15437
20399400	15228
20401200	14987
20403000	14713
20404800	14402
20406600	14213
20408400	14114
20410200	13929
20412000	13749
20413800	13679
20415600	13691
20417400	13772
20419200	13794
20421000	13739
20422800	13684
20424600	13707
20426400	13854
20428200	14055
20430000	14196
20431800	14206
20433600	14234
20435400	14405
20437200	14631
20439000	14707
20440800	14807
20442600	15098
20444400	15251
20446200	15294
20448000	15267
20449800	15195
20451600	15111
20453400	15061
20455200	14876
20457000	14834
20458800	14705
20460600	14571
20462400	14435
20464200	14250
20466000	14030
20467800	13881
20469600	13785
20471400	13728
20473200	13664
20475000	13533
20476800	13346
20478600	13296
20480400	13306
20482200	13241
20484000	13107
20485800	12972
20487600	12945
20489400	12970
20491200	12956
20493000	12808
20494800	12612
20496600	12507
20498400	12402
20500200	12280
20502000	12052
20503800	11805
20505600	11902
20507400	12257
20509200	12604
20511000	12919
20512800	13131
20514600	13246
20516400	13277
20518200	13243
20520000	13179
20521800	13093
20523600	12980
20525400	12909
20527200	12991
20529000	13228
20530800	13560
20532600	13849
20534400	14072
20536200	14277
20538000	14442
20539800	14546
20541600	14647
20543400	14763
20545200	14821
20547000	14759
20548800	14665
20550600	14611
20552400	14554
20554200	14452
20556000	14306
20557800	14163
20559600	14015
20561400	13882
20563200	13802
20565000	13630
20566800	13344
20568600	13196
20570400	13051
20572200	12806
20574000	12556
20575800	12322
20577600	12071
20579400	11791
20581200	11529
20583000	11247
20584800	11001
20586600	10763
20588400	10638
20590200	10709
20592000	11150
20593800	11902
20595600	12742
20597400	13305
20599200	13618
20601000	13679
20602800	13584
20604600	13466
20606400	13283
20608200	13011
20610000	12757
20611800	12588
20613600	12498
20615400	12567
20617200	12912
20619000	13381
20620800	13894
20622600	14389
20624400	14868
20626200	15277
20628000	15483
20629800	15447
20631600	15276
20633400	15048
20635200	14809
20637000	14581
20638800	14347
20640600	14115
20642400	13909
20644200	13750
20646000	13653
20647800	13584
20649600	13536
20651400	13542
20653200	13552
20655000	13426
20656800	13256
20658600	13191
20660400	13135
20662200	13007
20664000	12775
20665800	12588
20667600	12437
20669400	12280
20671200	12172
20673000	12076
20674800	12038
20676600	12130
20678400	12459
20680200	12985
20682000	13465
20683800	13874
20685600	14140
20687400	14217
20689200	14225
20691000	14222
20692800	14202
20694600	14155
20696400	14076
20698200	14013
20700000	14046
20701800	14265
20703600	14642
20705400	14929
20707200	15137
20709000	15194
20710800	15004
20712600	14722
20714400	14366
20716200	13902
20718000	13419
20719800	13118
20721600	12967
20723400	12773
20725200	12801
20727000	13063
20728800	13386
20730600	13491
20732400	13428
20734200	13335
20736000	13149
20737800	12698
20739600	12192
20741400	11813
20743200	11435
20745000	11020
20746800	10711
20748600	10489
20750400	10352
20752200	10224
20754000	10167
20755800	10235
20757600	10347
20759400	10484
20761200	10655
20763000	10898
20764800	11136
20766600	11298
20768400	11443
20770200	11606
20772000	11770
20773800	11918
20775600	12005
20777400	11983
20779200	11919
20781000	12038
20782800	12205
20784600	12200
20786400	12162
20788200	12301
20790000	12390
20791800	12421
20793600	12267
20795400	12025
20797200	11827
20799000	11437
20800800	11045
20802600	10864
20804400	10871
20806200	11020
20808000	11298
20809800	11644
20811600	11974
20813400	12309
20815200	12559
20817000	12571
20818800	12558
20820600	12563
20822400	12557
20824200	12447
20826000	12268
20827800	12197
20829600	12137
20831400	11990
20833200	11839
20835000	11686
20836800	11542
20838600	11507
20840400	11531
20842200	11448
20844000	11364
20845800	11316
20847600	11323
20849400	11432
20851200	11756
20853000	12263
20854800	12793
20856600	13150
20858400	13422
20860200	13652
20862000	13799
20863800	13841
20865600	13877
20867400	13842
20869200	13763
20871000	13788
20872800	13813
20874600	13833
20876400	13950
20878200	14231
20880000	14549
20881800	14840
20883600	15141
20885400	15393
20887200	15445
20889000	15369
20890800	15179
20892600	14941
20894400	14700
20896200	14395
20898000	14086
20899800	13780
20901600	13473
20903400	13198
20905200	12981
20907000	12863
20908800	12811
20910600	12577
20912400	12314
20914200	12226
20916000	12141
20917800	11954
20919600	11769
20921400	11587
20923200	11403
20925000	11219
20926800	11034
20928600	10899
20930400	10789
20932200	10587
20934000	10459
20935800	10595
20937600	11005
20939400	11528
20941200	11999
20943000	12345
20944800	12594
20946600	12701
20948400	12720
20950200	12628
20952000	12496
20953800	12488
20955600	12511
20957400	12592
20959200	12817
20961000	13333
20962800	14104
20964600	14832
20966400	15457
20968200	15657
20970000	15455
20971800	15199
20973600	15041
20975400	15058
20977200	15118
20979000	14928
20980800	14664
20982600	14591
20984400	14518
20986200	14433
20988000	14345
20989800	14205
20991600	14065
20993400	14084
20995200	14113
20997000	14046
20998800	13953
21000600	13810
21002400	13646
21004200	13414
21006000	13148
21007800	12860
21009600	12524
21011400	12185
21013200	11844
21015000	11553
21016800	11295
21018600	11086
21020400	10953
21022200	10979
21024000	11281
21025800	11859
21027600	12422
21029400	12786
21031200	13107
21033000	13356
21034800	13571
21036600	13692
21038400	13755
21040200	13811
21042000	13834
21043800	13843
21045600	14073
21047400	14663
21049200	15346
21051000	15884
21052800	16261
21054600	16468
21056400	16506
21058200	16430
21060000	16324
21061800	16212
21063600	16116
21065400	16041
21067200	15986
21069000	15957
21070800	15942
21072600	15951
21074400	15990
21076200	15961
21078000	15911
21079800	16038
21081600	16182
21083400	16252
21085200	16311
21087000	16373
21088800	16409
21090600	16338
21092400	16159
21094200	15942
21096000	15721
21097800	15498
21099600	15274
21101400	15071
21103200	14885
21105000	14696
21106800	14570
21108600	14574
21110400	14734
21112200	14972
21114000	15176
21115800	15299
21117600	15341
21119400	15341
21121200	15336
21123000	15341
21124800	15329
21126600	15382
21128400	15556
21130200	15774
21132000	16096
21133800	16646
21135600	17463
21137400	18294
21139200	19164
21141000	19921
21142800	20179
21144600	20169
21146400	20005
21148200	19757
21150000	19471
21151800	19077
21153600	18639
21155400	18190
21157200	17700
21159000	17232
21160800	16864
21162600	16629
21164400	16431
21166200	16189
21168000	16025
21169800	15971
21171600	15923
21173400	15797
21175200	15636
21177000	15579
21178800	15578
21180600	15616
21182400	15607
21184200	15491
21186000	15342
21187800	15326
21189600	15393
21191400	15406
21193200	15410
21195000	15492
21196800	15866
21198600	16488
21200400	17084
21202200	17620
21204000	18013
21205800	18209
21207600	18274
21209400	18201
21211200	18068
21213000	17845
21214800	17551
21216600	17351
21218400	17331
21220200	17364
21222000	17520
21223800	17699
21225600	17817
21227400	17889
21229200	17925
21231000	17949
21232800	18081
21234600	18353
21236400	18549
21238200	18622
21240000	18647
21241800	18709
21243600	18752
21245400	18716
21247200	18650
21249000	18617
21250800	18607
21252600	18614
21254400	18653
21256200	18689
21258000	18615
21259800	18464
21261600	18297
21263400	18171
21265200	18089
21267000	17992
21268800	17890
21270600	17780
21272400	17628
21274200	17446
21276000	17288
21277800	17164
21279600	17091
21281400	17087
21283200	17152
21285000	17323
21286800	18165
21288600	19826
21290400	21676
21292200	22847
21294000	22847
21295800	22847
21297600	22847
21299400	22847
21301200	22847
21303000	22847
21304800	21398
21306600	19808
21308400	18170
21310200	16707
21312000	15526
21313800	14680
21315600	14183
21317400	13924
21319200	13754
21321000	13654
21322800	13582
21324600	13584
21326400	13721
21328200	13970
21330000	14238
21331800	14471
21333600	14655
21335400	14815
21337200	15003
21339000	15185
21340800	15351
21342600	15466
21344400	15552
21346200	15647
21348000	15727
21349800	15753
21351600	15748
21353400	15746
21355200	15743
21357000	15697
21358800	15554
21360600	15416
21362400	15391
21364200	15415
21366000	15520
21367800	15761
21369600	16102
21371400	16384
21373200	16750
21375000	17348
21376800	18028
21378600	18720
21380400	19345
21382200	19751
21384000	19995
21385800	19914
21387600	19510
21389400	18829
21391200	18012
21393000	16792
21394800	15536
21396600	14379
21398400	13274
21400200	12189
21402000	11161
21403800	10271
21405600	9541
21407400	8934
21409200	8448
21411000	8165
21412800	8064
21414600	8162
21416400	8285
21418200	8391
21420000	8542
21421800	8628
21423600	8639
21425400	8652
21427200	8613
21429000	8468
21430800	8323
21432600	8174
21434400	8021
21436200	7870
21438000	7704
21439800	7513
21441600	7349
21443400	7223
21445200	7107
21447000	6923
21448800	6718
21450600	6566
21452400	6445
21454200	6365
21456000	6293
21457800	6171
21459600	6018
21461400	5715
21463200	5318
21465000	4995
21466800	4706
21468600	4664
21470400	4740
21472200	4794
21474000	4852
21475800	4999
21477600	5181
21479400	5359
21481200	5535
21483000	5681
21484800	5731
21486600	5736
21488400	5705
21490200	5660
21492000	5602
21493800	5494
21495600	5385
21497400	5277
21499200	5167
21501000	5055
21502800	4931
21504600	4800
21506400	4668
21508200	4545
21510000	4476
21511800	4435
21513600	4391
21515400	4348
21517200	4303
21519000	4196
21520800	4068
21522600	4136
21524400	4212
21526200	4251
21528000	4255
21529800	4212
21531600	4138
21533400	4040
21535200	3928
21537000	3796
21538800	3744
21540600	3708
21542400	3685
21544200	3687
21546000	3690
21547800	3694
21549600	3696
21551400	3686
21553200	3668
21555000	3642
21556800	3610
21558600	3594
21560400	3579
21562200	3564
21564000	3549
21565800	3535
21567600	3520
21569400	3485
21571200	3416
21573000	3334
21574800	3291
21576600	3220
21578400	3184
21580200	3183
21582000	3226
21583800	3292
21585600	3366
21587400	3478
21589200	3615
21591000	3718
21592800	3784
21594600	3851
21596400	3899
21598200	3909
21600000	3917
21601800	3912
21603600	3895
21605400	3884
21607200	3852
21609000	3801
21610800	3755
21612600	3722
21614400	3691
21616200	3640
21618000	3586
21619800	3549
21621600	3514
21623400	3463
21625200	3414
21627000	3392
21628800	3432
21630600	3503
21632400	3587
21634200	3674
21636000	3770
21637800	3855
21639600	3936
21641400	4008
21643200	4302
21645000	4533
21646800	4633
21648600	4616
21650400	4664
21652200	4913
21654000	5332
21655800	5618
21657600	5618
21659400	5962
21661200	6266
21663000	6310
21664800	6275
21666600	6205
21668400	6090
21670200	5962
21672000	5864
21673800	5743
21675600	5622
21677400	5493
21679200	5359
21681000	5189
21682800	5024
21684600	4990
21686400	4940
21688200	4837
21690000	4737
21691800	4632
21693600	4529
21695400	4461
21697200	4433
21699000	4281
21700800	4091
21702600	4019
21704400	3967
21706200	3880
21708000	3802
21709800	3740
21711600	3799
21713400	3946
21715200	4118
21717000	4287
21718800	4401
21720600	4486
21722400	4532
21724200	4569
21726000	4604
21727800	4625
21729600	4735
21731400	4893
21733200	4984
21735000	5196
21736800	5498
21738600	5933
21740400	6500
21742200	7125
21744000	7678
21745800	7849
21747600	7807
21749400	7897
21751200	7896
21753000	7764
21754800	7619
21756600	7443
21758400	7264
21760200	7077
21762000	6826
21763800	6519
21765600	6319
21767400	6163
21769200	6029
21771000	5874
21772800	5693
21774600	5569
21776400	5417
21778200	5336
21780000	5283
21781800	5245
21783600	5197
21785400	5178
21787200	5152
21789000	5125
21790800	5095
21792600	5087
21794400	5073
21796200	5012
21798000	4990
21799800	5038
21801600	5133
21803400	5175
21805200	5146
21807000	5177
21808800	5233
21810600	5276
21812400	5365
21814200	5467
21816000	5590
21817800	5749
21819600	5902
21821400	6050
21823200	6193
21825000	6437
21826800	6849
21828600	7173
21830400	7394
21832200	7489
21834000	7390
21835800	7165
21837600	6961
21839400	6786
21841200	6580
21843000	6289
21844800	5954
21846600	5712
21848400	5511
21850200	5357
21852000	5247
21853800	5148
21855600	5055
21857400	5008
21859200	4936
21861000	4940
21862800	4949
21864600	4927
21866400	4931
21868200	4931
21870000	4917
21871800	4858
21873600	4798
21875400	4681
21877200	4553
21879000	4475
21880800	4416
21882600	4360
21884400	4296
21886200	4176
21888000	4135
21889800	4230
21891600	4324
21893400	4426
21895200	4433
21897000	4405
21898800	4442
21900600	4512
21902400	4673
21904200	4874
21906000	5112
21907800	5440
21909600	5915
21911400	6499
21913200	7158
21915000	7790
21916800	8292
21918600	8359
21920400	8232
21922200	8143
21924000	8077
21925800	7978
21927600	7877
21929400	7770
21931200	7659
21933000	7540
21934800	7427
21936600	7351
21938400	7289
21940200	7219
21942000	7148
21943800	7117
21945600	7101
21947400	7020
21949200	6935
21951000	6850
21952800	6763
21954600	6679
21956400	6581
21958200	6451
21960000	6289
21961800	6084
21963600	5857
21965400	5698
21967200	5623
21969000	5514
21970800	5395
21972600	5329
21974400	5280
21976200	5236
21978000	5203
21979800	5150
21981600	5198
21983400	5398
21985200	5500
21987000	5437
21988800	5453
21990600	5666
21992400	5818
21994200	5954
21996000	6078
21997800	6378
21999600	6816
22001400	7151
22003200	7335
22005000	7440
22006800	7495
22008600	7498
22010400	7470
22012200	7373
22014000	7310
22015800	7313
22017600	7344
22019400	7229
22021200	7099
22023000	6998
22024800	6966
22026600	6885
22028400	6742
22030200	6579
22032000	6425
22033800	6399
22035600	6360
22037400	6153
22039200	5964
22041000	5775
22042800	5571
22044600	5321
22046400	5044
22048200	4782
22050000	4519
22051800	4242
22053600	3969
22055400	3711
22057200	3576
22059000	3577
22060800	3850
22062600	4300
22064400	4727
22066200	4935
22068000	5153
22069800	5414
22071600	5603
22073400	5616
22075200	5571
22077000	5826
22078800	6051
22080600	6272
22082400	6495
22084200	6747
22086000	6985
22087800	7187
22089600	7335
22091400	7352
22093200	7248
22095000	7161
22096800	7149
22098600	7144
22100400	7131
22102200	7052
22104000	6927
22105800	6785
22107600	6620
22109400	6450
22111200	6269
22113000	6077
22114800	5913
22116600	5773
22118400	5631
22120200	5455
22122000	5286
22123800	5158
22125600	5027
22127400	4896
22129200	4760
22131000	4594
22132800	4395
22134600	4298
22136400	4238
22138200	4105
22140000	4015
22141800	3930
22143600	3885
22145400	3882
22147200	3992
22149000	4286
22150800	4707
22152600	5185
22154400	5569
22156200	5915
22158000	6247
22159800	6575
22161600	6863
22163400	7068
22165200	7180
22167000	7248
22168800	7318
22170600	7398
22172400	7534
22174200	7659
22176000	7711
22177800	7880
22179600	7997
22181400	8032
22183200	8050
22185000	8105
22186800	8083
22188600	7992
22190400	7858
22192200	7704
22194000	7526
22195800	7414
22197600	7274
22199400	7023
22201200	6831
22203000	6694
22204800	6590
22206600	6516
22208400	6445
22210200	6275
22212000	6043
22213800	5893
22215600	5694
22217400	5436
22219200	5133
22221000	4802
22222800	4455
22224600	4215
22226400	4059
22228200	3903
22230000	3825
22231800	3915
22233600	4232
22235400	4660
22237200	5053
22239000	5431
22240800	5727
22242600	5942
22244400	6077
22246200	6140
22248000	6218
22249800	6336
22251600	6458
22253400	6608
22255200	6808
22257000	7064
22258800	7474
22260600	7991
22262400	8526
22264200	8811
22266000	8790
22267800	8674
22269600	8605
22271400	8636
22273200	8620
22275000	8534
22276800	8413
22278600	8299
22280400	8199
22282200	8107
22284000	8037
22285800	8020
22287600	7990
22289400	7950
22291200	7870
22293000	7761
22294800	7676
22296600	7545
22298400	7377
22300200	7178
22302000	6896
22303800	6472
22305600	6044
22307400	5618
22309200	5206
22311000	4803
22312800	4362
22314600	3983
22316400	3876
22318200	3922
22320000	4260
22321800	4952
22323600	5559
22325400	6161
22327200	6763
22329000	7330
22330800	7786
22332600	8061
22334400	8236
22336200	8571
22338000	8847
22339800	9067
22341600	9279
22343400	9567
22345200	10242
22347000	10747
22348800	11133
22350600	11406
22352400	11501
22354200	11507
22356000	11406
22357800	11180
22359600	10892
22361400	10573
22363200	10271
22365000	9925
22366800	9586
22368600	9290
22370400	9002
22372200	8678
22374000	8419
22375800	8264
22377600	8153
22379400	8089
22381200	7996
22383000	7861
22384800	7674
22386600	7560
22388400	7465
22390200	7297
22392000	7133
22393800	6968
22395600	6808
22397400	6681
22399200	6585
22401000	6403
22402800	6279
22404600	6301
22406400	6612
22408200	7132
22410000	7527
22411800	7838
22413600	8178
22415400	8576
22417200	8877
22419000	9030
22420800	9164
22422600	9331
22424400	9505
22426200	9786
22428000	10160
22429800	10634
22431600	11287
22433400	11942
22435200	12493
22437000	12805
22438800	12787
22440600	12608
22442400	12433
22444200	12355
22446000	12284
22447800	11961
22449600	11578
22451400	11319
22453200	11101
22455000	10885
22456800	10695
22458600	10461
22460400	10274
22462200	10159
22464000	10066
22465800	9948
22467600	9793
22469400	9649
22471200	9501
22473000	9350
22474800	9198
22476600	9005
22478400	8773
22480200	8601
22482000	8452
22483800	8302
22485600	8105
22487400	7872
22489200	7685
22491000	7660
22492800	8077
22494600	8838
22496400	9490
22498200	10011
22500000	10441
22501800	10782
22503600	11080
22505400	11302
22507200	11412
22509000	11371
22510800	11223
22512600	11099
22514400	11084
22516200	11072
22518000	11191
22519800	11498
22521600	11902
22523400	12325
22525200	12651
22527000	12924
22528800	13023
22530600	12936
22532400	12815
22534200	12583
22536000	12306
22537800	12052
22539600	11794
22541400	11478
22543200	11195
22545000	11009
22546800	10865
22548600	10728
22550400	10587
22552200	10470
22554000	10353
22555800	10208
22557600	10078
22559400	9985
22561200	9883
22563000	9667
22564800	9413
22566600	9202
22568400	8980
22570200	8818
22572000	8731
22573800	8684
22575600	8657
22577400	8651
22579200	8644
22581000	8662
22582800	8772
22584600	9026
22586400	9274
22588200	9401
22590000	9604
22591800	9895
22593600	10175
22595400	10267
22597200	10162
22599000	10143
22600800	10217
22602600	10159
22604400	9870
22606200	9744
22608000	9891
22609800	9991
22611600	10060
22613400	10106
22615200	10178
22617000	10336
22618800	10490
22620600	10506
22622400	10534
22624200	10658
22626000	10980
22627800	11358
22629600	11603
22631400	11723
22633200	11683
22635000	11402
22636800	11062
22638600	10648
22640400	10238
22642200	9834
22644000	9520
22645800	9346
22647600	9165
22649400	8997
22651200	8815
22653000	8538
22654800	8214
22656600	7915
22658400	7612
22660200	7389
22662000	7381
22663800	7545
22665600	7901
22667400	8405
22669200	8921
22671000	9362
22672800	9758
22674600	10123
22676400	10392
22678200	10545
22680000	10745
22681800	10995
22683600	11213
22685400	11277
22687200	11195
22689000	11141
22690800	11094
22692600	10996
22694400	10894
22696200	10789
22698000	10684
22699800	10514
22701600	10264
22703400	10068
22705200	9920
22707000	9875
22708800	9861
22710600	9773
22712400	9683
22714200	9632
22716000	9665
22717800	9710
22719600	9729
22721400	9751
22723200	9768
22725000	9820
22726800	9900
22728600	9907
22730400	9901
22732200	9953
22734000	10005
22735800	10012
22737600	9944
22739400	9922
22741200	9942
22743000	9836
22744800	9669
22746600	9546
22748400	9470
22750200	9429
22752000	9482
22753800	9656
22755600	9846
22757400	9971
22759200	10128
22761000	10329
22762800	10513
22764600	10689
22766400	10843
22768200	10929
22770000	10967
22771800	11018
22773600	11147
22775400	11284
22777200	11381
22779000	11447
22780800	11505
22782600	11649
22784400	11777
22786200	11823
22788000	11792
22789800	11666
22791600	11520
22793400	11398
22795200	11289
22797000	11194
22798800	11112
22800600	11018
22802400	10936
22804200	10895
22806000	10857
22807800	10773
22809600	10693
22811400	10669
22813200	10645
22815000	10621
22816800	10587
22818600	10508
22820400	10404
22822200	10315
22824000	10211
22825800	10009
22827600	9742
22829400	9578
22831200	9485
22833000	9405
22834800	9331
22836600	9317
22838400	9396
22840200	9576
22842000	9795
22843800	9997
22845600	10134
22847400	10237
22849200	10410
22851000	10729
22852800	10990
22854600	11140
22856400	11356
22858200	11725
22860000	12209
22861800	12835
22863600	13525
22865400	14204
22867200	14733
22869000	14895
22870800	14804
22872600	14755
22874400	14759
22876200	14721
22878000	14669
22879800	14605
22881600	14526
22883400	14390
22885200	14140
22887000	13873
22888800	13719
22890600	13620
22892400	13562
22894200	13421
22896000	13163
22897800	13043
22899600	12937
22901400	12730
22903200	12514
22905000	12380
22906800	12182
22908600	11942
22910400	11705
22912200	11476
22914000	11235
22915800	10999
22917600	10823
22919400	10647
22921200	10541
22923000	10594
22924800	10919
22926600	11372
22928400	11808
22930200	12200
22932000	12481
22933800	12627
22935600	12761
22937400	12879
22939200	12981
22941000	13091
22942800	13226
22944600	13414
22946400	13738
22948200	14212
22950000	14779
22951800	15365
22953600	15805
22955400	15869
22957200	15679
22959000	15537
22960800	15463
22962600	15381
22964400	15281
22966200	15166
22968000	15037
22969800	14898
22971600	14749
22973400	14665
22975200	14650
22977000	14562
22978800	14452
22980600	14378
22982400	14344
22984200	14354
22986000	14363
22987800	14376
22989600	14376
22991400	14326
22993200	14250
22995000	14187
22996800	14104
22998600	13901
23000400	13634
23002200	13466
23004000	13382
23005800	13354
23007600	13397
23009400	13429
23011200	13459
23013000	13676
23014800	14002
23016600	14301
23018400	14669
23020200	15119
23022000	15602
23023800	16076
23025600	16501
23027400	16856
23029200	17127
23031000	17303
23032800	17461
23034600	17652
23036400	17819
23038200	17914
23040000	17888
23041800	17780
23043600	17505
23045400	17042
23047200	16476
23049000	15824
23050800	15140
23052600	14528
23054400	13975
23056200	13499
23058000	13317
23059800	13423
23061600	13568
23063400	13869
23065200	14176
23067000	14254
23068800	14118
23070600	13819
23072400	13485
23074200	13150
23076000	12926
23077800	12982
23079600	13079
23081400	13151
23083200	13214
23085000	13128
23086800	12759
23088600	12357
23090400	11992
23092200	11607
23094000	11181
23095800	10750
23097600	10421
23099400	10326
23101200	10312
23103000	9896
23104800	9418
23106600	9046
23108400	8761
23110200	8679
23112000	8792
23113800	8963
23115600	9184
23117400	9586
23119200	9998
23121000	10336
23122800	10671
23124600	11002
23126400	11163
23128200	11306
23130000	11395
23131800	11426
23133600	11374
23135400	11281
23137200	11238
23139000	11109
23140800	10953
23142600	10670
23144400	10403
23146200	10132
23148000	9864
23149800	9598
23151600	9335
23153400	9113
23155200	8936
23157000	8677
23158800	8411
23160600	8141
23162400	7878
23164200	7753
23166000	7615
23167800	7484
23169600	7354
23171400	7253
23173200	7192
23175000	7176
23176800	7157
23178600	7140
23180400	7126
23182200	7158
23184000	7305
23185800	7500
23187600	7735
23189400	8013
23191200	8300
23193000	8536
23194800	8761
23196600	9102
23198400	9502
23200200	9688
23202000	9851
23203800	10098
23205600	10345
23207400	10494
23209200	10592
23211000	10670
23212800	10710
23214600	10685
23216400	10579
23218200	10428
23220000	10199
23221800	9866
23223600	9547
23225400	9227
23227200	8912
23229000	8621
23230800	8399
23232600	8211
23234400	8022
23236200	7836
23238000	7649
23239800	7486
23241600	7386
23243400	7324
23245200	7255
23247000	7199
23248800	7125
23250600	7018
23252400	6881
23254200	6760
23256000	6635
23257800	6556
23259600	6521
23261400	6440
23263200	6390
23265000	6257
23266800	6128
23268600	6164
23270400	6350
23272200	6368
23274000	6430
23275800	6540
23277600	6644
23279400	6650
23281200	6613
23283000	6662
23284800	6716
23286600	6728
23288400	6770
23290200	6891
23292000	6994
23293800	7109
23295600	7214
23297400	7369
23299200	7598
23301000	7755
23302800	7801
23304600	7796
23306400	7753
23308200	7702
23310000	7705
23311800	7616
23313600	7514
23315400	7355
23317200	7174
23319000	6996
23320800	6825
23322600	6512
23324400	6213
23326200	6020
23328000	5854
23329800	5559
23331600	5247
23333400	5026
23335200	4789
23337000	4562
23338800	4332
23340600	4123
23342400	3900
23344200	3794
23346000	3747
23347800	3713
23349600	3685
23351400	3673
23353200	3684
23355000	3692
23356800	3713
23358600	3761
23360400	3835
23362200	3939
23364000	4350
23365800	4792
23367600	5210
23369400	5520
23371200	5767
23373000	5952
23374800	6013
23376600	5926
23378400	5621
23380200	5189
23382000	4795
23383800	4374
23385600	3991
23387400	3771
23389200	3688
23391000	3636
23392800	3625
23394600	3638
23396400	3687
23398200	3768
23400000	3857
23401800	3940
23403600	4035
23405400	3938
23407200	3849
23409000	3806
23410800	3778
23412600	3766
23414400	3772
23416200	3786
23418000	3802
23419800	3848
23421600	3900
23423400	3924
23425200	3935
23427000	3951
23428800	3968
23430600	4018
23432400	4059
23434200	4070
23436000	4051
23437800	4053
23439600	4048
23441400	4003
23443200	3970
23445000	3968
23446800	4002
23448600	4127
23450400	4132
23452200	4271
23454000	4365
23455800	4475
23457600	4666
23459400	4898
23461200	5114
23463000	5329
23464800	5616
23466600	5999
23468400	6428
23470200	6864
23472000	7356
23473800	7772
23475600	7962
23477400	8043
23479200	8033
23481000	7978
23482800	7900
23484600	7782
23486400	7646
23488200	7453
23490000	7255
23491800	7170
23493600	7120
23495400	6977
23497200	6819
23499000	6739
23500800	6658
23502600	6522
23504400	6442
23506200	6393
23508000	6351
23509800	6185
23511600	5995
23513400	5891
23515200	5770
23517000	5603
23518800	5416
23520600	5269
23522400	5171
23524200	5062
23526000	5022
23527800	5129
23529600	5326
23531400	5500
23533200	5633
23535000	5761
23536800	5850
23538600	5856
23540400	5822
23542200	5804
23544000	5805
23545800	5730
23547600	5652
23549400	5701
23551200	5847
23553000	6045
23554800	6365
23556600	6830
23558400	7277
23560200	7808
23562000	8372
23563800	8721
23565600	8765
23567400	8615
23569200	8184
23571000	7545
23572800	6869
23574600	6402
23576400	6131
23578200	6171
23580000	6438
23581800	6845
23583600	7246
23585400	7437
23587200	7573