0	6000
3600	6000
7200	6000
10800	6000
14400	6000
18000	6000
21600	6000
25200	6000
28800	6000
32400	6000
36000	6000
39600	6000
43200	6000
46800	6000
50400	6000
54000	6000
57600	6000
61200	6000
64800	6000
68400	6000
72000	6000
75600	6000
79200	6000
82800	6000
86400	6000
90000	6000
93600	6000
97200	6000
100800	6000
104400	6000
108000	6000
111600	6000
115200	6000
118800	6000
122400	6000
126000	6000
129600	6000
133200	6000
136800	6000
140400	6000
144000	6000
147600	6000
151200	6000
154800	6000
158400	6000
162000	6000
165600	6000
169200	6000
172800	6397.095468
176400	6562.001898
180000	6980.949855
183600	6808.726245
187200	8184.707511
190800	11752.94646
194400	14233.54029
198000	13749.01504
201600	9759.981561
205200	9068.416494
208800	13124.18829
212400	18130.09303
216000	18964.42789
219600	15433.67757
223200	8423.793249
226800	6075.74412
230400	7385.122572
234000	8738.749209
237600	8800.46376
241200	8476.483965
244800	7121.981445
248400	6829.222161
252000	6090.150483
255600	6513.969315
259200	7606.13637
262800	8437.873143
266400	10835.87091
270000	12156.80227
273600	12002.40929
277200	11400.11783
280800	8794.848648
284400	6903.344841
288000	6787.856175
291600	10169.97595
295200	12772.3504
298800	12863.76563
302400	12416.52124
306000	10358.65692
309600	7950.766809
313200	6222.378693
316800	7345.13973
320400	9641.42766
324000	9763.610538
327600	8934.543408
331200	6210.859683
334800	7314.052125
338400	6911.532528
342000	6246.910179
345600	6264.06582
349200	6512.413806
352800	6643.23291
356400	8384.103717
360000	10981.33624
363600	10170.19129
367200	8474.393835
370800	9435.303336
374400	11096.50209
378000	13442.72277
381600	14690.67553
385200	15729.22794
388800	14369.87132
392400	11756.57421
396000	10427.20776
399600	7537.263015
403200	8725.688298
406800	12743.74471
410400	14222.11349
414000	14637.56779
417600	13703.98823
421200	13325.27707
424800	11326.96071
428400	8094.741642
432000	9034.238373
435600	12562.86554
439200	14840.11797
442800	15616.0446
446400	15938.90621
450000	18220.88887
453600	19000
457200	19000
460800	19000
464400	19000
468000	17023.85207
471600	12287.19425
475200	8383.364094
478800	14367.40951
482400	18800.43668
486000	19000
489600	19000
493200	18615.34504
496800	15963.87505
500400	13009.50077
504000	9388.740639
507600	7134.229533
511200	9083.464035
514800	11391.30002
518400	12957.8105
522000	12628.13338
525600	10216.67204
529200	7173.93795
532800	7666.725105
536400	9346.857759
540000	10116.28008
543600	10809.37549
547200	9753.960861
550800	7572.841758
554400	6568.440489
558000	6139.661217
561600	7606.703277
565200	8577.840633
568800	8631.291465
572400	11901.51252
576000	15359.23315
579600	18388.32593
583200	18147.39348
586800	17586.93326
590400	15683.51908
594000	13459.8325
597600	11968.85632
601200	10881.11255
604800	10358.25024
608400	9926.640399
612000	9419.838006
615600	6344.163498
619200	13037.09247
622800	13225.44912
626400	12488.12025
630000	12006.93299
633600	10741.00768
637200	12677.00243
640800	15118.93516
644400	17640.14193
648000	17790.72233
651600	17490.92792
655200	15844.50692
658800	13811.31782
662400	12396.51346
666000	10812.27171
669600	9772.773531
673200	8611.603506
676800	7295.199015
680400	6671.26242
684000	9875.010684
687600	12648.97144
691200	12351.06537
694800	11930.15295
698400	9781.843689
702000	7294.29444
705600	7154.497395
709200	9903.719133
712800	11973.94793
716400	11658.9343
720000	10837.22635
723600	8373.294639
727200	6721.303941
730800	6823.733919
734400	6951.794424
738000	10511.15205
741600	9608.266371
745200	10936.98477
748800	11904.35374
752400	12376.53707
756000	11748.56789
759600	11763.64038
763200	10381.08106
766800	7834.079004
770400	6472.005207
774000	6106.396698
777600	6239.937948
781200	8324.724465
784800	9095.005119
788400	8439.7677
792000	7396.582164
795600	8780.658807
799200	10535.53831
802800	12804.79742
806400	14567.45611
810000	14198.05861
813600	11745.53586
817200	8356.319007
820800	6120.669126
824400	9720.801075
828000	12168.62315
831600	13056.29146
835200	13498.73804
838800	13088.61806
842400	14135.31317
846000	14874.18224
849600	15314.4006
853200	14824.12335
856800	13854.99673
860400	12063.20811
864000	9842.803773
867600	8756.056182
871200	8233.662381
874800	7898.931645
878400	7674.168231
882000	7561.843458
885600	6985.065945
889200	9897.062526
892800	10999.46328
896400	11274.42164
900000	10625.26917
903600	9233.924592
907200	10031.53014
910800	11226.81397
914400	12027.6464
918000	10750.32992
921600	9232.344609
925200	7377.588681
928800	9277.357962
932400	12016.99576
936000	12970.82113
939600	12686.14499
943200	11568.67353
946800	12486.92984
950400	13980.97714
954000	16360.15004
957600	17911.68008
961200	17735.9543
964800	15510.50261
968400	12114.07769
972000	10174.64447
975600	9480.35388
979200	9287.804787
982800	9326.175393
986400	9269.433633
990000	9087.760959
993600	7252.191945
997200	8762.934981
1000800	12681.94564
1004400	14572.16495
1008000	15142.10951
1011600	14572.00349
1015200	13149.32951
1018800	13934.99223
1022400	15457.03352
1026000	17110.1436
1029600	17435.21521
1033200	16965.91753
1036800	14747.9575
1040400	12452.13599
1044000	11401.16085
1047600	11022.58234
1051200	10889.68313
1054800	11221.71592
1058400	11310.49968
1062000	11289.76289
1065600	11045.32667
1069200	10229.7275
1072800	7320.788625
1076400	6513.960537
1080000	10830.25125
1083600	12280.92773
1087200	15845.05444
1090800	17097.29568
1094400	17927.25144
1098000	17961.56797
1101600	16881.9251
1105200	17135.42934
1108800	16718.78097
1112400	15969.29306
1116000	15044.17879
1119600	14156.29454
1123200	12714.47518
1126800	11396.16995
1130400	11511.72865
1134000	12329.12363
1137600	12338.09744
1141200	11970.5953
1144800	10676.20292
1148400	9768.803073
1152000	9033.125418
1155600	8502.427026
1159200	8260.750551
1162800	8289.357321
1166400	9228.455433
1170000	10004.28597
1173600	12175.36998
1177200	12457.76769
1180800	12814.36127
1184400	12798.14454
1188000	11372.94886
1191600	13133.20052
1195200	14099.40383
1198800	12948.45828
1202400	9079.01667
1206000	6376.52298
1209600	7475.470194
1213200	7826.664486
1216800	7874.442306
1220400	7223.18754
1224000	6144.147144
1227600	6083.496528
1231200	6095.628804
1234800	6252.90099
1238400	6085.408236
1242000	7515.753669
1245600	9328.035306
1249200	9768.178797
1252800	9565.297884
1256400	8026.55514
1260000	6841.28697
1263600	7114.223505
1267200	6663.441441
1270800	7202.826861
1274400	8948.959941
1278000	10627.84394
1281600	10853.39468
1285200	10315.67326
1288800	8694.62196
1292400	7203.417354
1296000	6466.199406
1299600	6261.826086
1303200	6371.85498
1306800	6489.378588
1310400	7563.574239
1314000	8465.105346
1317600	8909.713512
1321200	8896.060494
1324800	8582.882673
1328400	11054.69801
1332000	13788.66498
1335600	16267.04249
1339200	16496.13479
1342800	16000.81306
1346400	14052.46487
1350000	11515.87147
1353600	10223.21909
1357200	9565.673997
1360800	8695.310121
1364400	7215.338736
1368000	6064.95897
1371600	7065.029919
1375200	14980.39665
1378800	14200.1808
1382400	14112.93374
1386000	13332.62332
1389600	12363.65519
1393200	14141.44988
1396800	17332.30815
1400400	19000
1404000	19000
1407600	19000
1411200	19000
1414800	18107.60504
1418400	17514.7073
1422000	17285.25733
1425600	17154.02341
1429200	16818.91448
1432800	16707.8903
1436400	16326.58115
1440000	15161.32437
1443600	13710.71482
1447200	12654.95754
1450800	11963.29348
1454400	13078.13441
1458000	15788.68138
1461600	17867.53354
1465200	18585.60932
1468800	18705.05614
1472400	18465.00691
1476000	17775.21137
1479600	19000
1483200	19000
1486800	19000
1490400	19000
1494000	19000
1497600	19000
1501200	19000
1504800	18074.16293
1508400	17189.71406
1512000	16696.2999
1515600	16539.64601
1519200	16602.30875
1522800	16706.82099
1526400	16464.0156
1530000	16315.93634
1533600	16015.42932
1537200	15743.62925
1540800	16655.11611
1544400	17369.07202
1548000	19000
1551600	19000
1555200	19000
1558800	19000
1562400	19000
1566000	19000
1569600	19000
1573200	17926.27352
1576800	13711.50683
1580400	10435.37228
1584000	7978.720419
1587600	9416.278527
1591200	12004.57741
1594800	9660.997674
1598400	7859.43312
1602000	10379.02898
1605600	13758.16502
1609200	14524.64256
1612800	15782.64964
1616400	16156.759
1620000	16243.02423
1623600	15998.24403
1627200	17514.60106
1630800	18340.75556
1634400	19000
1638000	19000
1641600	19000
1645200	19000
1648800	19000
1652400	19000
1656000	19000
1659600	19000
1663200	19000
1666800	19000
1670400	19000
1674000	18489.36462
1677600	18098.88832
1681200	18236.26841
1684800	18264.74569
1688400	18196.35948
1692000	17861.83994
1695600	16894.95474
1699200	15116.21965
1702800	13403.42623
1706400	11626.11352
1710000	10973.60226
1713600	12713.25989
1717200	16514.13841
1720800	19000
1724400	19000
1728000	19000
1731600	19000
1735200	19000
1738800	19000
1742400	19000
1746000	19000
1749600	19000
1753200	19000
1756800	19000
1760400	18761.95231
1764000	15625.08764
1767600	14058.05304
1771200	13371.9192
1774800	13634.57355
1778400	14086.5493
1782000	14004.15932
1785600	13271.08514
1789200	11951.77388
1792800	9802.671234
1796400	7369.29405
1800000	11388.55709
1803600	14340.69986
1807200	17701.74871
1810800	19000
1814400	19000
1818000	19000
1821600	17998.36273
1825200	18850.15907
1828800	19000
1832400	19000
1836000	19000
1839600	19000
1843200	18424.61139
1846800	16410.67924
1850400	15557.5712
1854000	15438.31233
1857600	15715.82578
1861200	16183.0848
1864800	16511.70539
1868400	16147.9732
1872000	15281.88384
1875600	12876.03207
1879200	11054.02682
1882800	9450.733872
1886400	11838.73894
1890000	15876.02514
1893600	19000
1897200	19000
1900800	19000
1904400	19000
1908000	17997.96342
1911600	19000
1915200	19000
1918800	19000
1922400	19000
1926000	19000
1929600	19000
1933200	19000
1936800	18089.05579
1940400	16822.79887
1944000	16782.18625
1947600	15849.30267
1951200	14039.22497
1954800	11549.99184
1958400	8957.226492
1962000	6899.596092
1965600	6903.191004
1969200	9694.280361
1972800	10843.68505
1976400	10773.38228
1980000	10240.48103
1983600	8894.435871
1987200	9234.183198
1990800	9389.539002
1994400	9420.50862
1998000	9741.216306
2001600	10164.62571
2005200	9576.648447
2008800	8954.201163
2012400	8803.921866
2016000	8511.385197
2019600	8225.135214
2023200	7769.150919
2026800	7185.991908
2030400	6074.994069
2034000	7153.823427
2037600	7735.444722
2041200	7450.604013
2044800	6961.419342
2048400	6061.777035
2052000	7679.141781
2055600	9776.200263
2059200	12602.76432
2062800	15303.56343
2066400	16330.31189
2070000	14804.31736
2073600	12319.63478
2077200	10338.22091
2080800	7920.81672
2084400	6468.767601
2088000	6634.467867
2091600	8419.087083
2095200	9931.849899
2098800	9471.535359
2102400	7121.788335
2106000	8646.221433
2109600	12289.64986
2113200	15203.06616
2116800	15886.62384
2120400	16256.53278
2124000	16024.8017
2127600	15176.18261
2131200	16285.76289
2134800	17521.79947
2138400	18820.75181
2142000	19000
2145600	18682.86629
2149200	16078.65732
2152800	13103.46079
2156400	11048.68082
2160000	10252.97414
2163600	9956.76444
2167200	10021.2755
2170800	14903.10358
2174400	14357.73691
2178000	9730.342974
2181600	7746.480936
2185200	7422.40065
2188800	7155.046332
2192400	8035.984344
2196000	15520.54119
2199600	18589.38477
2203200	19000
2206800	19000
2210400	19000
2214000	19000
2217600	19000
2221200	19000
2224800	14463.28769
2228400	10028.46131
2232000	6531.02841
2235600	8061.493917
2239200	8555.23041
2242800	9986.839248
2246400	7948.285845
2250000	6778.276989
2253600	7759.481739
2257200	9998.983551
2260800	10869.11784
2264400	11292.76243
2268000	9476.782854
2271600	10267.87092
2275200	14143.0223
2278800	17094.53604
2282400	19000
2286000	19000
2289600	19000
2293200	16014.40025
2296800	19000
2300400	17647.13726
2304000	9513.005391
2307600	8715.409026
2311200	7733.648718
2314800	7791.764952
2318400	7430.168541
2322000	6293.00559
2325600	6539.885061
2329200	8107.69092
2332800	17324.09056
2336400	18407.09519
2340000	19000
2343600	19000
2347200	19000
2350800	18067.97337
2354400	15051.60296
2358000	10413.56016
2361600	8459.799945
2365200	9640.698045
2368800	10834.91043
2372400	11596.46645
2376000	10614.40161
2379600	14218.227
2383200	13622.13164
2386800	10582.23904
2390400	8658.596871
2394000	8425.905387
2397600	7980.109425
2401200	7587.145764
2404800	6356.300259
2408400	8851.2981
2412000	8820.532812
2415600	10010.31343
2419200	11179.0775
2422800	12915.17763
2426400	11579.75557
2430000	12172.78127
2433600	12467.67529
2437200	14840.37332
2440800	15391.2067
2444400	16211.94829
2448000	16737.81562
2451600	15099.48737
2455200	11516.89701
2458800	7159.832496
2462400	6418.246569
2466000	6430.639608
2469600	6079.105569
2473200	9611.537307
2476800	9064.224795
2480400	14063.35408
2484000	13916.45518
2487600	12110.88776
2491200	13686.45627
2494800	14550.63287
2498400	15315.96262
2502000	15491.91032
2505600	15170.93097
2509200	13563.14961
2512800	11115.04074
2516400	7665.091791
2520000	7745.522004
2523600	7974.868353
2527200	9615.34551
2530800	9503.260197
2534400	8070.874629
2538000	7200.093864
2541600	7960.509378
2545200	7644.199749
2548800	6704.601207
2552400	7029.932607
2556000	8541.554214
2559600	9054.199764
2563200	13995.89894
2566800	14414.39294
2570400	14739.87189
2574000	14271.47666
2577600	12409.16051
2581200	13996.29566
2584800	10136.9379
2588400	9944.714052
2592000	9495.720201
2595600	8559.834588
2599200	8389.620237
2602800	7867.40214
2606400	6040.016877
2610000	7713.926322
2613600	9228.209019
2617200	8492.772864
2620800	8522.974515
2624400	8296.466466
2628000	7865.48685
2631600	13020.85295
2635200	17779.40476
2638800	19000
2642400	19000
2646000	19000
2649600	19000
2653200	18335.84922
2656800	19000
2660400	8752.915455
2664000	6667.043787
2667600	9349.647879
2671200	16360.78807
2674800	19000
2678400	19000
2682000	19000
2685600	19000
2689200	19000
2692800	17247.87683
2696400	17078.16263
2700000	16351.47441
2703600	14755.71524
2707200	11966.87592
2710800	11469.6051
2714400	10836.78254
2718000	10244.49253
2721600	7933.012815
2725200	6904.266408
2728800	7184.608248
2732400	7864.375848
2736000	7561.230891
2739600	7872.746571
2743200	8164.179105
2746800	8275.468284
2750400	7789.426203
2754000	7633.502937
2757600	8842.148286
2761200	6581.59542
2764800	13181.40636
2768400	18526.18587
2772000	19000
2775600	19000
2779200	19000
2782800	19000
2786400	19000
2790000	15883.58533
2793600	13838.34001
2797200	12733.34227
2800800	11565.5186
2804400	9780.917235
2808000	6910.250388
2811600	12772.38779
2815200	19000
2818800	19000
2822400	19000
2826000	19000
2829600	19000
2833200	19000
2836800	16043.16384
2840400	13785.48405
2844000	12664.423
2847600	12243.71432
2851200	10627.86973
2854800	9661.607079
2858400	6350.821338
2862000	7043.35854
2865600	6163.108113
2869200	6330.546417
2872800	7281.772176
2876400	8309.699526
2880000	8985.404502
2883600	8152.963614
2887200	10228.62469
2890800	13158.59478
2894400	15706.85498
2898000	15613.77527
2901600	15101.90483
2905200	13400.08845
2908800	11162.64979
2912400	14867.60808
2916000	14093.56391
2919600	13725.61545
2923200	14026.49312
2926800	11189.09831
2930400	8220.266265
2934000	6123.128847
2937600	6131.541297
2941200	14211.634
2944800	16050.34367
2948400	15471.16905
2952000	15486.46976
2955600	14669.59169
2959200	13313.29742
2962800	14495.04909
2966400	16595.38163
2970000	19000
2973600	19000
2977200	19000
2980800	19000
2984400	16818.26692
2988000	19000
2991600	19000
2995200	19000
2998800	19000
3002400	19000
3006000	19000
3009600	19000
3013200	19000
3016800	18990.19447
3020400	17988.64143
3024000	19000
3027600	19000
3031200	18491.6947
3034800	19000
3038400	19000
3042000	18995.62438
3045600	17588.03759
3049200	18394.62779
3052800	19000
3056400	19000
3060000	19000
3063600	19000
3067200	19000
3070800	17191.59122
3074400	19000
3078000	19000
3081600	19000
3085200	19000
3088800	19000
3092400	19000
3096000	19000
3099600	19000
3103200	19000
3106800	19000
3110400	19000
3114000	19000
3117600	18972.25536
3121200	19000
3124800	18023.79565
3128400	16591.19243
3132000	14788.80177
3135600	15599.93191
3139200	17622.46974
3142800	19000
3146400	19000
3150000	19000
3153600	19000
3157200	18838.39811
3160800	19000
3164400	19000
3168000	19000
3171600	19000
3175200	19000
3178800	19000
3182400	19000
3186000	19000
3189600	19000
3193200	19000
3196800	19000
3200400	19000
3204000	18646.44093
3207600	19000
3211200	19000
3214800	18385.77555
3218400	17170.5812
3222000	18418.51781
3225600	19000
3229200	19000
3232800	19000
3236400	19000
3240000	19000
3243600	17480.97025
3247200	19000
3250800	19000
3254400	19000
3258000	19000
3261600	19000
3265200	19000
3268800	19000
3272400	19000
3276000	19000
3279600	19000
3283200	19000
3286800	19000
3290400	19000
3294000	19000
3297600	19000
3301200	19000
3304800	17986.30672
3308400	18990.75586
3312000	19000
3315600	19000
3319200	19000
3322800	19000
3326400	18983.46468
3330000	16405.26239
3333600	19000
3337200	19000
3340800	19000
3344400	19000
3348000	19000
3351600	19000
3355200	19000
3358800	19000
3362400	19000
3366000	19000
3369600	19000
3373200	19000
3376800	19000
3380400	19000
3384000	19000
3387600	19000
3391200	19000
3394800	19000
3398400	19000
3402000	19000
3405600	19000
3409200	19000
3412800	19000
3416400	19000
3420000	19000
3423600	19000
3427200	19000
3430800	19000
3434400	19000
3438000	19000
3441600	19000
3445200	19000
3448800	19000
3452400	19000
3456000	19000
3459600	19000
3463200	19000
3466800	19000
3470400	19000
3474000	18906.55277
3477600	17289.03134
3481200	18737.94692
3484800	19000
3488400	19000
3492000	19000
3495600	19000
3499200	19000
3502800	19000
3506400	19000
3510000	19000
3513600	19000
3517200	19000
3520800	19000
3524400	19000
3528000	19000
3531600	19000
3535200	18065.95856
3538800	16476.96784
3542400	19000
3546000	19000
3549600	18353.70401
3553200	19000
3556800	19000
3560400	19000
3564000	17727.71889
3567600	18523.7548
3571200	19000
3574800	19000
3578400	19000
3582000	19000
3585600	19000
3589200	19000
3592800	19000
3596400	19000
3600000	19000
3603600	19000
3607200	19000
3610800	19000
3614400	19000
3618000	19000
3621600	19000
3625200	19000
3628800	19000
3632400	19000
3636000	19000
3639600	19000
3643200	19000
3646800	19000
3650400	19000
3654000	19000
3657600	19000
3661200	19000
3664800	19000
3668400	19000
3672000	19000
3675600	19000
3679200	19000
3682800	19000
3686400	19000
3690000	19000
3693600	19000
3697200	19000
3700800	19000
3704400	17044.47155
3708000	16024.84408
3711600	11967.65736
3715200	15929.87162
3718800	19000
3722400	17153.77915
3726000	19000
3729600	19000
3733200	19000
3736800	19000
3740400	19000
3744000	19000
3747600	15776.84391
3751200	11391.66351
3754800	9568.516407
3758400	9067.572078
3762000	10920.62758
3765600	19000
3769200	19000
3772800	19000
3776400	19000
3780000	19000
3783600	19000
3787200	19000
3790800	14998.66599
3794400	7883.442792
3798000	7174.762428
3801600	13114.3872
3805200	19000
3808800	16158.86222
3812400	17514.99011
3816000	19000
3819600	19000
3823200	19000
3826800	19000
3830400	19000
3834000	18413.78054
3837600	18059.68202
3841200	17725.22373
3844800	16567.39568
3848400	15011.19122
3852000	19000
3855600	19000
3859200	16388.6083
3862800	11507.18654
3866400	10596.43521
3870000	10601.60163
3873600	12257.15107
3877200	14921.87715
3880800	16543.58345
3884400	17613.80416
3888000	19000
3891600	19000
3895200	16021.9505
3898800	17154.44834
3902400	18313.50016
3906000	18861.06687
3909600	18232.49229
3913200	18483.70844
3916800	17552.68396
3920400	16425.30553
3924000	15677.96853
3927600	15121.28709
3931200	13421.43054
3934800	11406.38719
3938400	7542.708741
3942000	8103.676773
3945600	19000
3949200	19000
3952800	19000
3956400	19000
3960000	19000
3963600	15473.15781
3967200	15164.67739
3970800	14120.17861
3974400	10509.52694
3978000	7491.304926
3981600	7885.155345
3985200	7746.66807
3988800	7321.267635
3992400	7709.26434
3996000	7686.032178
3999600	6488.624202
4003200	6090.762444
4006800	6316.073181
4010400	8564.40222
4014000	8550.488829
4017600	8177.411439
4021200	7744.437225
4024800	9072.910326
4028400	6643.355985
4032000	10570.17741
4035600	15896.05283
4039200	16317.08459
4042800	16032.88754
4046400	16135.6138
4050000	18795.03448
4053600	19000
4057200	19000
4060800	19000
4064400	19000
4068000	19000
4071600	17423.80776
4075200	19000
4078800	19000
4082400	19000
4086000	18382.85167
4089600	17427.66475
4093200	15660.21879
4096800	8738.08665
4100400	7265.269944
4104000	7017.386148
4107600	7000.891104
4111200	12877.07357
4114800	19000
4118400	17844.78039
4122000	18202.83107
4125600	17417.44129
4129200	16025.12345
4132800	14586.48979
4136400	16083.63969
4140000	19000
4143600	19000
4147200	19000
4150800	19000
4154400	19000
4158000	17302.68526
4161600	19000
4165200	19000
4168800	19000
4172400	18281.62001
4176000	17696.20699
4179600	17530.00768
4183200	17603.42479
4186800	17838.29164
4190400	18336.19286
4194000	18942.38078
4197600	19000
4201200	19000
4204800	17263.60575
4208400	18704.3204
4212000	19000
4215600	19000
4219200	18724.80108
4222800	19000
4226400	19000
4230000	18871.9163
4233600	16764.39552
4237200	14756.36471
4240800	13011.43396
4244400	11613.24317
4248000	19000
4251600	19000
4255200	19000
4258800	19000
4262400	19000
4266000	19000
4269600	19000
4273200	19000
4276800	19000
4280400	19000
4284000	19000
4287600	19000
4291200	19000
4294800	19000
4298400	19000
4302000	19000
4305600	19000
4309200	19000
4312800	19000
4316400	16011.26179
4320000	11079.17054
4323600	8188.010367
4327200	6993.910359
4330800	8997.367224
4334400	18536.1222
4338000	19000
4341600	19000
4345200	19000
4348800	19000
4352400	19000
4356000	7761.774999
4359600	9404.952147
4363200	18513.11656
4366800	19000
4370400	19000
4374000	19000
4377600	19000
4381200	19000
4384800	16336.81433
4388400	12387.55289
4392000	9689.046615
4395600	9844.532298
4399200	9740.97699
4402800	10990.23249
4406400	8052.567729
4410000	6266.066406
4413600	7610.507967
4417200	7172.289666
4420800	19000
4424400	19000
4428000	19000
4431600	19000
4435200	19000
4438800	14204.52236
4442400	14108.4493
4446000	13664.35679
4449600	11900.43544
4453200	8882.94636
4456800	9754.867179
4460400	10021.69493
4464000	8334.470151
4467600	7438.273386
4471200	6731.650653
4474800	6121.932477
4478400	6089.64246
4482000	6151.269462
4485600	7869.528609
4489200	7548.260604
4492800	6166.461456
4496400	6046.408572
4500000	7768.701402
4503600	6039.970323
4507200	6984.3099
4510800	9116.543763
4514400	15813.37017
4518000	16736.39879
4521600	18608.99645
4525200	18921.92994
4528800	19000
4532400	17435.45208
4536000	13164.7807
4539600	6622.135401
4543200	6425.197644
4546800	8060.824092
4550400	7854.43305
4554000	7883.233287
4557600	6841.976952
4561200	6739.815483
4564800	8781.297948
4568400	19000
4572000	19000
4575600	19000
4579200	19000
4582800	18616.87763
4586400	12700.42686
4590000	7167.926022
4593600	6047.531502
4597200	7698.850035
4600800	7662.766035
4604400	7454.339622
4608000	6337.979409
4611600	6769.070058
4615200	7661.824731
4618800	6114.473562
4622400	12479.25846
4626000	19000
4629600	19000
4633200	19000
4636800	19000
4640400	19000
4644000	15440.19114
4647600	7997.81811
4651200	7135.532247
4654800	7433.241477
4658400	8039.312919
4662000	7725.599502
4665600	9262.259814
4669200	15087.81484
4672800	11159.00996
4676400	7960.174254
4680000	6757.867926
4683600	9348.049587
4687200	6262.704015
4690800	7648.572207
4694400	7382.42646
4698000	16069.44848
4701600	15842.5648
4705200	15847.23595
4708800	15173.68956
4712400	13889.98325
4716000	15064.64391
4719600	17213.18619
4723200	19000
4726800	19000
4730400	18517.07551
4734000	16252.40514
4737600	14138.84033
4741200	19000
4744800	19000
4748400	19000
4752000	19000
4755600	19000
4759200	19000
4762800	17778.04415
4766400	9271.986609
4770000	7172.546271
4773600	6192.545106
4777200	7187.717748
4780800	15425.13924
4784400	15217.11175
4788000	17245.31356
4791600	19000
4795200	19000
4798800	19000
4802400	19000
4806000	18074.71795
4809600	13908.84635
4813200	10620.37097
4816800	8716.87335
4820400	8265.615936
4824000	10233.32347
4827600	19000
4831200	19000
4834800	19000
4838400	19000
4842000	19000
4845600	19000
4849200	8590.940961
4852800	6920.513562
4856400	6815.703813
4860000	8992.039959
4863600	19000
4867200	19000
4870800	19000
4874400	19000
4878000	19000
4881600	19000
4885200	19000
4888800	15288.65643
4892400	12116.31541
4896000	9228.020601
4899600	8415.316233
4903200	6234.38199
4906800	7702.685244
4910400	7534.884294
4914000	6990.192621
4917600	8229.356595
4921200	8507.178105
4924800	10356.1832
4928400	18283.85006
4932000	16956.22783
4935600	16904.72055
4939200	16764.30556
4942800	16315.43523
4946400	19000
4950000	19000
4953600	19000
4957200	19000
4960800	19000
4964400	19000
4968000	19000
4971600	19000
4975200	19000
4978800	19000
4982400	19000
4986000	19000
4989600	19000
4993200	19000
4996800	19000
5000400	19000
5004000	19000
5007600	19000
5011200	19000
5014800	19000
5018400	19000
5022000	19000
5025600	19000
5029200	18822.82416
5032800	19000
5036400	19000
5040000	19000
5043600	19000
5047200	19000
5050800	19000
5054400	19000
5058000	19000
5061600	19000
5065200	19000
5068800	19000
5072400	19000
5076000	19000
5079600	19000
5083200	19000
5086800	6924.661212
5090400	12206.18903
5094000	12727.10696
5097600	12964.08588
5101200	13276.94543
5104800	13272.12259
5108400	16126.13254
5112000	19000
5115600	19000
5119200	19000
5122800	19000
5126400	19000
5130000	19000
5133600	19000
5137200	19000
5140800	19000
5144400	19000
5148000	19000
5151600	19000
5155200	19000
5158800	19000
5162400	19000
5166000	16324.34951
5169600	19000
5173200	19000
5176800	17703.27521
5180400	17444.3358
5184000	17333.43423
5187600	16867.74214
5191200	16087.16086
5194800	17768.9023
5198400	19000
5202000	19000
5205600	19000
5209200	19000
5212800	19000
5216400	19000
5220000	19000
5223600	19000
5227200	19000
5230800	19000
5234400	19000
5238000	19000
5241600	19000
5245200	18971.76653
5248800	11288.66647
5252400	7517.522238
5256000	19000
5259600	19000
5263200	18716.93267
5266800	19000
5270400	19000
5274000	19000
5277600	19000
5281200	19000
5284800	19000
5288400	19000
5292000	19000
5295600	19000
5299200	19000
5302800	19000
5306400	19000
5310000	19000
5313600	19000
5317200	19000
5320800	19000
5324400	19000
5328000	19000
5331600	19000
5335200	19000
5338800	19000
5342400	19000
5346000	19000
5349600	19000
5353200	19000
5356800	19000
5360400	19000
5364000	18780.54115
5367600	19000
5371200	19000
5374800	19000
5378400	19000
5382000	19000
5385600	19000
5389200	19000
5392800	19000
5396400	19000
5400000	19000
5403600	19000
5407200	19000
5410800	19000
5414400	19000
5418000	19000
5421600	19000
5425200	19000
5428800	19000
5432400	19000
5436000	19000
5439600	19000
5443200	19000
5446800	19000
5450400	19000
5454000	19000
5457600	19000
5461200	19000
5464800	19000
5468400	19000
5472000	19000
5475600	19000
5479200	19000
5482800	19000
5486400	19000
5490000	19000
5493600	19000
5497200	19000
5500800	19000
5504400	19000
5508000	19000
5511600	19000
5515200	19000
5518800	19000
5522400	19000
5526000	19000
5529600	19000
5533200	18808.8227
5536800	17646.5181
5540400	19000
5544000	19000
5547600	19000
5551200	19000
5554800	19000
5558400	19000
5562000	19000
5565600	19000
5569200	19000
5572800	19000
5576400	19000
5580000	19000
5583600	19000
5587200	19000
5590800	19000
5594400	19000
5598000	19000
5601600	19000
5605200	19000
5608800	19000
5612400	19000
5616000	19000
5619600	19000
5623200	19000
5626800	19000
5630400	19000
5634000	19000
5637600	19000
5641200	19000
5644800	19000
5648400	19000
5652000	19000
5655600	19000
5659200	19000
5662800	19000
5666400	19000
5670000	19000
5673600	19000
5677200	19000
5680800	19000
5684400	19000
5688000	19000
5691600	19000
5695200	19000
5698800	19000
5702400	19000
5706000	19000
5709600	19000
5713200	19000
5716800	19000
5720400	19000
5724000	19000
5727600	19000
5731200	19000
5734800	19000
5738400	19000
5742000	19000
5745600	19000
5749200	19000
5752800	19000
5756400	19000
5760000	19000
5763600	19000
5767200	19000
5770800	19000
5774400	19000
5778000	19000
5781600	19000
5785200	19000
5788800	19000
5792400	19000
5796000	19000
5799600	19000
5803200	19000
5806800	19000
5810400	19000
5814000	19000
5817600	19000
5821200	19000
5824800	19000
5828400	19000
5832000	19000
5835600	19000
5839200	19000
5842800	19000
5846400	19000
5850000	19000
5853600	19000
5857200	19000
5860800	19000
5864400	19000
5868000	19000
5871600	19000
5875200	19000
5878800	19000
5882400	19000
5886000	19000
5889600	19000
5893200	19000
5896800	19000
5900400	19000
5904000	19000
5907600	19000
5911200	19000
5914800	19000
5918400	19000
5922000	19000
5925600	19000
5929200	19000
5932800	19000
5936400	19000
5940000	19000
5943600	19000
5947200	19000
5950800	19000
5954400	19000
5958000	19000
5961600	19000
5965200	19000
5968800	19000
5972400	19000
5976000	19000
5979600	19000
5983200	19000
5986800	19000
5990400	19000
5994000	19000
5997600	19000
6001200	19000
6004800	19000
6008400	19000
6012000	19000
6015600	19000
6019200	19000
6022800	19000
6026400	19000
6030000	19000
6033600	19000
6037200	19000
6040800	19000
6044400	19000
6048000	19000
6051600	19000
6055200	19000
6058800	19000
6062400	19000
6066000	19000
6069600	19000
6073200	19000
6076800	19000
6080400	19000
6084000	19000
6087600	19000
6091200	19000
6094800	19000
6098400	19000
6102000	19000
6105600	19000
6109200	19000
6112800	19000
6116400	19000
6120000	19000
6123600	19000
6127200	19000
6130800	19000
6134400	19000
6138000	19000
6141600	19000
6145200	19000
6148800	19000
6152400	19000
6156000	19000
6159600	19000
6163200	19000
6166800	19000
6170400	19000
6174000	19000
6177600	19000
6181200	19000
6184800	19000
6188400	19000
6192000	19000
6195600	19000
6199200	19000
6202800	19000
6206400	19000
6210000	19000
6213600	19000
6217200	19000
6220800	19000
6224400	19000
6228000	18721.18121
6231600	18893.07553
6235200	19000
6238800	16958.86252
6242400	15683.62489
6246000	16126.3442
6249600	16620.78367
6253200	17495.74745
6256800	19000
6260400	19000
6264000	19000
6267600	19000
6271200	19000
6274800	19000
6278400	19000
6282000	19000
6285600	19000
6289200	19000
6292800	19000
6296400	19000
6300000	19000
6303600	19000
6307200	19000
6310800	19000
6314400	18006.82256
6318000	18451.85444
6321600	19000
6325200	19000
6328800	19000
6332400	19000
6336000	19000
6339600	19000
6343200	19000
6346800	19000
6350400	19000
6354000	19000
6357600	19000
6361200	19000
6364800	19000
6368400	19000
6372000	19000
6375600	19000
6379200	19000
6382800	19000
6386400	19000
6390000	19000
6393600	19000
6397200	19000
6400800	17206.20908
6404400	18521.94213
6408000	19000
6411600	19000
6415200	19000
6418800	19000
6422400	19000
6426000	19000
6429600	19000
6433200	19000
6436800	19000
6440400	19000
6444000	19000
6447600	19000
6451200	19000
6454800	19000
6458400	19000
6462000	19000
6465600	19000
6469200	19000
6472800	19000
6476400	19000
6480000	19000
6483600	19000
6487200	19000
6490800	19000
6494400	19000
6498000	19000
6501600	19000
6505200	19000
6508800	19000
6512400	19000
6516000	19000
6519600	19000
6523200	19000
6526800	19000
6530400	19000
6534000	19000
6537600	19000
6541200	19000
6544800	19000
6548400	19000
6552000	19000
6555600	19000
6559200	19000
6562800	19000
6566400	19000
6570000	19000
6573600	17846.64143
6577200	19000
6580800	19000
6584400	19000
6588000	19000
6591600	19000
6595200	19000
6598800	18653.69872
6602400	19000
6606000	19000
6609600	19000
6613200	19000
6616800	19000
6620400	19000
6624000	19000
6627600	19000
6631200	19000
6634800	19000
6638400	19000
6642000	19000
6645600	19000
6649200	19000
6652800	19000
6656400	19000
6660000	19000
6663600	19000
6667200	19000
6670800	19000
6674400	19000
6678000	19000
6681600	19000
6685200	19000
6688800	19000
6692400	19000
6696000	19000
6699600	19000
6703200	19000
6706800	19000
6710400	19000
6714000	19000
6717600	19000
6721200	19000
6724800	19000
6728400	19000
6732000	19000
6735600	19000
6739200	19000
6742800	19000
6746400	18130.68532
6750000	18620.17488
6753600	19000
6757200	19000
6760800	19000
6764400	19000
6768000	19000
6771600	19000
6775200	19000
6778800	19000
6782400	19000
6786000	19000
6789600	19000
6793200	19000
6796800	19000
6800400	19000
6804000	18974.89639
6807600	17858.19927
6811200	18460.27829
6814800	19000
6818400	16054.89289
6822000	18684.17917
6825600	19000
6829200	19000
6832800	19000
6836400	19000
6840000	19000
6843600	17247.60425
6847200	13270.64345
6850800	11331.85832
6854400	11187.14496
6858000	12130.53461
6861600	19000
6865200	19000
6868800	19000
6872400	19000
6876000	19000
6879600	19000
6883200	17025.21039
6886800	15277.71526
6890400	14168.51418
6894000	13721.3687
6897600	14790.44679
6901200	16062.17253
6904800	12957.12277
6908400	14399.11985
6912000	15828.72828
6915600	16628.2193
6919200	16172.93459
6922800	16486.10389
6926400	15608.41114
6930000	13762.97584
6933600	11874.60217
6937200	10399.61703
6940800	7603.827036
6944400	7459.910565
6948000	6156.988221
6951600	6646.413183
6955200	6767.586891
6958800	6280.548447
6962400	6078.781098
6966000	10280.63086
6969600	15192.28071
6973200	14492.78791
6976800	14445.71999
6980400	14369.84019
6984000	17330.67334
6987600	19000
6991200	19000
6994800	19000
6998400	19000
7002000	19000
7005600	17744.18015
7009200	19000
7012800	19000
7016400	19000
7020000	19000
7023600	19000
7027200	19000
7030800	19000
7034400	19000
7038000	19000
7041600	19000
7045200	19000
7048800	19000
7052400	19000
7056000	19000
7059600	19000
7063200	19000
7066800	17971.57907
7070400	19000
7074000	19000
7077600	19000
7081200	19000
7084800	19000
7088400	19000
7092000	19000
7095600	19000
7099200	19000
7102800	19000
7106400	19000
7110000	19000
7113600	19000
7117200	19000
7120800	19000
7124400	19000
7128000	19000
7131600	19000
7135200	19000
7138800	19000
7142400	19000
7146000	19000
7149600	19000
7153200	19000
7156800	19000
7160400	19000
7164000	19000
7167600	19000
7171200	19000
7174800	19000
7178400	19000
7182000	19000
7185600	19000
7189200	19000
7192800	19000
7196400	19000
7200000	19000
7203600	19000
7207200	19000
7210800	19000
7214400	19000
7218000	19000
7221600	19000
7225200	19000
7228800	19000
7232400	19000
7236000	19000
7239600	19000
7243200	19000
7246800	19000
7250400	19000
7254000	19000
7257600	19000
7261200	19000
7264800	19000
7268400	19000
7272000	19000
7275600	19000
7279200	19000
7282800	19000
7286400	19000
7290000	19000
7293600	19000
7297200	19000
7300800	19000
7304400	19000
7308000	19000
7311600	19000
7315200	19000
7318800	19000
7322400	19000
7326000	19000
7329600	19000
7333200	19000
7336800	19000
7340400	17066.05295
7344000	13732.63848
7347600	9898.939338
7351200	7513.207932
7354800	6615.365988
7358400	6979.947126
7362000	7228.778703
7365600	7369.976424
7369200	7412.86671
7372800	6658.296624
7376400	8869.144536
7380000	10952.4449
7383600	16385.69945
7387200	15465.80535
7390800	15113.56567
7394400	13489.61302
7398000	15474.34282
7401600	16725.52417
7405200	17611.14979
7408800	18563.5158
7412400	19000
7416000	17751.33198
7419600	15880.80123
7423200	19000
7426800	19000
7430400	19000
7434000	19000
7437600	19000
7441200	19000
7444800	19000
7448400	19000
7452000	11027.08796
7455600	8745.002658
7459200	8837.93421
7462800	17676.424
7466400	19000
7470000	19000
7473600	19000
7477200	19000
7480800	19000
7484400	19000
7488000	19000
7491600	19000
7495200	19000
7498800	19000
7502400	17254.69878
7506000	14551.83782
7509600	14771.05578
7513200	7179.350163
7516800	6082.263618
7520400	7502.044119
7524000	8098.713744
7527600	7857.963873
7531200	7550.323686
7534800	7055.702739
7538400	8382.275586
7542000	9997.217289
7545600	19000
7549200	19000
7552800	19000
7556400	19000
7560000	19000
7563600	19000
7567200	16987.50763
7570800	13857.23635
7574400	12651.7042
7578000	12735.53785
7581600	12381.60052
7585200	12074.86488
7588800	19000
7592400	19000
7596000	19000
7599600	18373.00247
7603200	9957.194571
7606800	8193.514788
7610400	7877.034708
7614000	7371.206919
7617600	7353.619437
7621200	7535.188335
7624800	8792.779866
7628400	13574.57013
7632000	19000
7635600	17557.35029
7639200	17394.1832
7642800	16629.96067
7646400	15625.6904
7650000	17365.78472
7653600	19000
7657200	19000
7660800	19000
7664400	19000
7668000	19000
7671600	18448.54746
7675200	19000
7678800	19000
7682400	19000
7686000	19000
7689600	19000
7693200	19000
7696800	19000
7700400	17508.3232
7704000	8398.273191
7707600	7653.922701
7711200	8432.642397
7714800	9173.959812
7718400	17915.26314
7722000	16696.68772
7725600	17351.94246
7729200	17789.12467
7732800	17441.52905
7736400	18558.23044
7740000	19000
7743600	19000
7747200	19000
7750800	19000
7754400	18622.91437
7758000	17958.16368
7761600	19000
7765200	19000
7768800	19000
7772400	19000
7776000	19000
7779600	19000
7783200	19000
7786800	19000
7790400	19000
7794000	10177.47293
7797600	12365.70728
7801200	16410.35239
7804800	19000
7808400	17701.49173
7812000	17793.22607
7815600	17330.51279
7819200	15939.04918
7822800	17761.13291
7826400	19000
7830000	19000
7833600	19000
7837200	19000
7840800	19000
7844400	18436.72991
7848000	19000
7851600	19000
7855200	12127.69253
7858800	10520.32987
7862400	15979.52567
7866000	19000
7869600	19000
7873200	19000
7876800	19000
7880400	19000
7884000	19000
7887600	19000
7891200	19000
7894800	19000
7898400	19000
7902000	19000
7905600	19000
7909200	19000
7912800	19000
7916400	19000
7920000	19000
7923600	19000
7927200	18285.06222
7930800	17227.78979
7934400	19000
7938000	19000
7941600	19000
7945200	19000
7948800	19000
7952400	19000
7956000	19000
7959600	19000
7963200	19000
7966800	19000
7970400	19000
7974000	19000
7977600	19000
7981200	17308.61258
7984800	15350.64469
7988400	13790.54109
7992000	12180.35074
7995600	14557.05091
7999200	18025.76304
8002800	19000
8006400	19000
8010000	19000
8013600	19000
8017200	19000
8020800	19000
8024400	15938.38305
8028000	12216.53226
8031600	6206.43108
8035200	6174.675357
8038800	6276.338307
8042400	6378.042543
8046000	6657.337674
8049600	8834.588049
8053200	18459.60088
8056800	16615.25462
8060400	16267.6411
8064000	14996.14158
8067600	13380.98087
8071200	15097.24784
8074800	18009.20182
8078400	19000
8082000	19000
8085600	19000
8089200	19000
8092800	19000
8096400	19000
8100000	8221.325187
8103600	7284.882645
8107200	8284.473726
8110800	8163.641376
8114400	7287.918534
8118000	6289.704858
8121600	7973.024706
8125200	11515.82441
8128800	19000
8132400	18625.45192
8136000	19000
8139600	19000
8143200	17524.85456
8146800	18210.61715
8150400	19000
8154000	19000
8157600	19000
8161200	19000
8164800	17757.64154
8168400	15227.51208
8172000	19000
8175600	19000
8179200	19000
8182800	19000
8186400	19000
8190000	18980.57321
8193600	18474.69456
8197200	16687.1912
8200800	15383.43783
8204400	12113.82772
8208000	12426.78991
8211600	17351.07056
8215200	15489.5653
8218800	16997.41497
8222400	17382.55133
8226000	16667.33832
8229600	14903.23531
8233200	15470.13391
8236800	16758.99198
8240400	18180.10581
8244000	18868.78212
8247600	19000
8251200	18898.48916
8254800	17000.85924
8258400	19000
8262000	19000
8265600	19000
8269200	19000
8272800	18309.531
8276400	16667.66719
8280000	14976.16134
8283600	13105.71702
8287200	11270.2532
8290800	9762.237765
8294400	9929.232189
8298000	12469.83491
8301600	12722.57706
8305200	15294.14759
8308800	16770.62384
8312400	17034.21724
8316000	16231.25469
8319600	17195.67152
8323200	18156.79468
8326800	18518.45252
8330400	18416.78059
8334000	17978.94065
8337600	15982.54824
8341200	13783.07413
8344800	19000
8348400	17969.59089
8352000	17063.67698
8355600	16352.08602
8359200	15740.74603
8362800	15112.29197
8366400	14490.10865
8370000	13684.4624
8373600	12851.06102
8377200	11832.69869
8380800	12408.76366
8384400	14573.602
8388000	13268.45073
8391600	15220.49325
8395200	16514.60625
8398800	17009.99386
8402400	16959.90983
8406000	19000
8409600	19000
8413200	19000
8416800	19000
8420400	19000
8424000	19000
8427600	18241.96215
8431200	19000
8434800	19000
8438400	19000
8442000	19000
8445600	19000
8449200	19000
8452800	19000
8456400	19000
8460000	18261.61421
8463600	17164.87686
8467200	16917.64959
8470800	19000
8474400	16174.80576
8478000	17509.37328
8481600	18298.18913
8485200	17868.59015
8488800	16949.71196
8492400	17861.10479
8496000	19000
8499600	19000
8503200	19000
8506800	19000
8510400	16301.76715
8514000	13352.64349
8517600	18845.56916
8521200	19000
8524800	19000
8528400	19000
8532000	18016.30288
8535600	15846.97664
8539200	14073.5008
8542800	13211.51137
8546400	12721.67978
8550000	12817.91633
8553600	14142.93002
8557200	15413.81084
8560800	12795.71959
8564400	13257.74936
8568000	13805.54734
8571600	13958.60035
8575200	12626.81055
8578800	14590.40512
8582400	15537.99374
8586000	14794.74812
8589600	11755.66607
8593200	9170.923608
8596800	9780.752913
8600400	10702.24511
8604000	10162.52989
8607600	13505.40989
8611200	7636.930908
8614800	6914.005683
8618400	7103.013291
8622000	7547.855715
8625600	7388.154396
8629200	6714.134958
8632800	6202.375233
8636400	6475.54371
8640000	12973.99995
8643600	16548.66748
8647200	19000
8650800	19000
8654400	19000
8658000	19000
8661600	19000
8665200	15341.40106
8668800	11482.35209
8672400	9594.312909
8676000	10734.90032
8679600	11763.26525
8683200	12151.74989
8686800	19000
8690400	19000
8694000	19000
8697600	19000
8701200	19000
8704800	12863.29778
8708400	7650.5022
8712000	7427.747334
8715600	6606.397002
8719200	6110.601291
8722800	8069.715246
8726400	10449.0836
8730000	17325.03172
8733600	15429.83041
8737200	15046.92054
8740800	14304.83927
8744400	13434.52229
8748000	15298.3726
8751600	18986.43086
8755200	19000
8758800	19000
8762400	19000
8766000	17408.03737
8769600	14024.08717
8773200	17513.15416
8776800	14374.55499
8780400	8417.440287
8784000	7258.412745
8787600	7229.552814
8791200	7361.640894
8794800	7284.557787
8798400	6372.974838
8802000	9889.557096
8805600	16420.24682
8809200	17002.70723
8812800	17596.74682
8816400	17178.81983
8820000	15841.5983
8823600	16960.5747
8827200	18842.73727
8830800	19000
8834400	19000
8838000	19000
8841600	19000
8845200	19000
8848800	19000
8852400	16646.54918
8856000	9311.486343
8859600	6701.507601
8863200	6989.758968
8866800	7415.387991
8870400	7664.595573
8874000	7532.279217
8877600	6526.33671
8881200	6365.094489
8884800	14515.67672
8888400	17345.78835
8892000	18236.79193
8895600	18611.5723
8899200	17650.8981
8902800	16018.65766
8906400	16914.10853
8910000	19000
8913600	19000
8917200	19000
8920800	19000
8924400	19000
8928000	19000
8931600	19000
8935200	19000
8938800	19000
8942400	19000
8946000	18893.59443
8949600	18270.37414
8953200	17052.36743
8956800	14385.05011
8960400	6630.066021
8964000	11954.09599
8967600	13614.42478
8971200	16425.5061
8974800	18452.17957
8978400	19000
8982000	18793.92342
8985600	19000
8989200	18580.54321
8992800	17899.1062
8996400	17555.55035
9000000	17226.56511
9003600	15782.75222
9007200	14260.36997
9010800	19000
9014400	18737.47178
9018000	14511.91086
9021600	10564.12787
9025200	8245.231539
9028800	8068.698183
9032400	7485.737157
9036000	7093.568421
9039600	6540.497487
9043200	7089.128547
9046800	15685.92382
9050400	18030.66106
9054000	18775.90478
9057600	19000
9061200	18798.61291
9064800	17712.23959
9068400	19000
9072000	19000
9075600	19000
9079200	19000
9082800	19000
9086400	19000
9090000	19000
9093600	19000
9097200	19000
9100800	19000
9104400	19000
9108000	19000
9111600	19000
9115200	17672.05878
9118800	16058.39982
9122400	14501.65553
9126000	13506.90798
9129600	14008.1213
9133200	16712.59369
9136800	15172.51902
9140400	17205.87929
9144000	18105.30513
9147600	18005.57312
9151200	17182.23634
9154800	18630.87441
9158400	19000
9162000	19000
9165600	19000
9169200	19000
9172800	19000
9176400	17647.27072
9180000	19000
9183600	19000
9187200	19000
9190800	19000
9194400	19000
9198000	19000
9201600	19000
9205200	19000
9208800	19000
9212400	19000
9216000	19000
9219600	19000
9223200	19000
9226800	19000
9230400	19000
9234000	19000
9237600	19000
9241200	19000
9244800	19000
9248400	19000
9252000	19000
9255600	19000
9259200	19000
9262800	19000
9266400	19000
9270000	19000
9273600	19000
9277200	19000
9280800	19000
9284400	19000
9288000	19000
9291600	19000
9295200	19000
9298800	19000
9302400	19000
9306000	19000
9309600	19000
9313200	19000
9316800	19000
9320400	19000
9324000	19000
9327600	19000
9331200	19000
9334800	19000
9338400	19000
9342000	19000
9345600	19000
9349200	19000
9352800	19000
9356400	19000
9360000	19000
9363600	19000
9367200	19000
9370800	19000
9374400	19000
9378000	19000
9381600	19000
9385200	19000
9388800	19000
9392400	19000
9396000	19000
9399600	19000
9403200	19000
9406800	19000
9410400	19000
9414000	19000
9417600	19000
9421200	17244.92333
9424800	10526.494
9428400	6822.212775
9432000	6094.521432
9435600	8494.133418
9439200	18929.33227
9442800	19000
9446400	19000
9450000	19000
9453600	17733.83871
9457200	14346.20842
9460800	11345.00728
9464400	9331.047906
9468000	8825.295693
9471600	9237.050283
9475200	11200.81511
9478800	14425.43674
9482400	12688.05048
9486000	14932.6759
9489600	16990.55111
9493200	18197.78053
9496800	17923.99886
9500400	18199.68146
9504000	16616.56764
9507600	12737.53506
9511200	8581.766865
9514800	7611.451086
9518400	14032.94888
9522000	16968.14189
9525600	16215.92938
9529200	10072.69949
9532800	7028.309916
9536400	6085.030572
9540000	11355.39802
9543600	16794.71046
9547200	15320.3126
9550800	14581.15414
9554400	12625.72337
9558000	13372.70992
9561600	13719.1155
9565200	14167.11905
9568800	14238.10842
9572400	14212.27301
9576000	13155.37655
9579600	11471.45074
9583200	17862.88913
9586800	18264.42721
9590400	18630.9163
9594000	18839.81368
9597600	18587.88422
9601200	15248.29007
9604800	8539.19301
9608400	6294.428799
9612000	6551.915271
9615600	15010.62193
9619200	19000
9622800	19000
9626400	19000
9630000	19000
9633600	19000
9637200	16878.83926
9640800	12756.62551
9644400	9282.158259
9648000	8700.966531
9651600	8870.488311
9655200	8906.52816
9658800	9905.165184
9662400	15766.53178
9666000	10989.98475
9669600	8436.95799
9673200	7803.223719
9676800	6165.220977
9680400	6909.263595
9684000	11175.9517
9687600	19000
9691200	15523.49636
9694800	16539.51044
9698400	18013.08147
9702000	18301.60116
9705600	17633.34126
9709200	18555.51116
9712800	18087.6085
9716400	14258.07017
9720000	8488.752261
9723600	6165.678156
9727200	6401.656269
9730800	7043.741127
9734400	7008.135633
9738000	10734.333
9741600	19000
9745200	17018.21809
9748800	18349.11727
9752400	19000
9756000	19000
9759600	19000
9763200	19000
9766800	19000
9770400	17279.78499
9774000	16239.86503
9777600	15989.38085
9781200	14343.50601
9784800	11881.97583
9788400	9166.013241
9792000	6160.815564
9795600	7160.695917
9799200	7969.915704
9802800	19000
9806400	19000
9810000	19000
9813600	19000
9817200	19000
9820800	15702.83438
9824400	15558.60141
9828000	15291.08671
9831600	14883.24305
9835200	14107.50689
9838800	16313.91857
9842400	18914.1243
9846000	19000
9849600	19000
9853200	19000
9856800	19000
9860400	16905.01698
9864000	19000
9867600	17798.89946
9871200	16720.70239
9874800	17602.33265
9878400	18774.63015
9882000	17095.30268
9885600	10542.48438
9889200	7320.276402
9892800	9416.029281
9896400	14976.58181
9900000	19000
9903600	19000
9907200	19000
9910800	19000
9914400	19000
9918000	18940.52843
9921600	16802.67158
9925200	15969.5285
9928800	15693.61961
9932400	14489.61946
9936000	13503.86364
9939600	19000
9943200	19000
9946800	19000
9950400	19000
9954000	14448.57836
9957600	8163.543531
9961200	7016.394339
9964800	9269.207241
9968400	17339.20883
9972000	19000
9975600	19000
9979200	18556.81003
9982800	16282.79288
9986400	16209.90347
9990000	17197.18991
9993600	19000
9997200	19000
10000800	19000
10004400	18261.25758
10008000	16525.62121
10011600	19000
10015200	19000
10018800	19000
10022400	19000
10026000	19000
10029600	19000
10033200	19000
10036800	19000
10040400	15930.40238
10044000	10152.00041
10047600	10240.77348
10051200	18893.71089
10054800	17430.69304
10058400	19000
10062000	19000
10065600	19000
10069200	19000
10072800	19000
10076400	19000
10080000	19000
10083600	19000
10087200	19000
10090800	19000
10094400	18836.37303
10098000	19000
10101600	19000
10105200	19000
10108800	19000
10112400	18357.86813
10116000	16921.24023
10119600	14395.60664
10123200	11585.17037
10126800	7369.374069
10130400	9821.66022
10134000	10973.27891
10137600	11875.5989
10141200	11842.62079
10144800	11100.09383
10148400	12615.40745
10152000	14767.73016
10155600	16716.39314
10159200	16523.01457
10162800	16093.06264
10166400	14088.78448
10170000	11520.87353
10173600	14816.54288
10177200	13670.86181
10180800	12861.21965
10184400	12150.49608
10188000	11664.99538
10191600	11059.17924
10195200	7859.206803
10198800	8727.659562
10202400	11153.10076
10206000	12426.73698
10209600	12420.35266
10213200	11412.77463
10216800	12290.86776
10220400	13478.08502
10224000	14811.10943
10227600	15414.85158
10231200	15342.88474
10234800	13428.73749
10238400	11020.47485
10242000	14138.93932
10245600	12912.4445
10249200	12025.23209
10252800	11173.0238
10256400	11000.44242
10260000	10624.1173
10263600	8540.837256
10267200	11233.91042
10270800	13239.27135
10274400	15110.12494
10278000	16070.41172
10281600	16215.08561
10285200	15115.24678
10288800	16222.87591
10292400	18354.30835
10296000	19000
10299600	19000
10303200	19000
10306800	19000
10310400	16884.77778
10314000	19000
10317600	19000
10321200	19000
10324800	19000
10328400	19000
10332000	19000
10335600	19000
10339200	18762.75255
10342800	17576.24333
10346400	16312.09819
10350000	17311.18847
10353600	18508.44103
10357200	14874.10055
10360800	17292.0471
10364400	19000
10368000	19000
10371600	19000
10375200	18953.97148
10378800	16082.23607
10382400	13639.97592
10386000	11494.1748
10389600	10616.34685
10393200	9797.952729
10396800	10002.05353
10400400	18422.58909
10404000	19000
10407600	19000
10411200	17051.01978
10414800	9699.238524
10418400	6555.048165
10422000	9306.445998
10425600	9362.485632
10429200	11486.46806
10432800	11582.59392
10436400	12001.84411
10440000	13233.99941
10443600	15430.10348
10447200	15802.94282
10450800	15764.80528
10454400	15365.98618
10458000	12765.09413
10461600	10343.80475
10465200	6583.228107
10468800	7096.250094
10472400	7898.40099
10476000	8469.414732
10479600	9778.871604
10483200	8923.172004
10486800	8574.521232
10490400	8007.297255
10494000	8955.370923
10497600	13052.29861
10501200	18565.4585
10504800	19000
10508400	19000
10512000	18879.84768
10515600	15010.81591
10519200	14555.09192
10522800	8305.485432
10526400	7977.474786
10530000	7900.863147
10533600	7930.972797
10537200	7978.044585
10540800	7943.907831
10544400	7726.542441
10548000	7207.858272
10551600	6653.93382
10555200	10310.74883
10558800	18468.134
10562400	17528.00164
10566000	17866.86806
10569600	17328.21857
10573200	16240.89294
10576800	17404.85299
10580400	18975.55357
10584000	19000
10587600	19000
10591200	18726.57147
10594800	15948.6909
10598400	13272.81868
10602000	18374.16951
10605600	17529.02743
10609200	16919.43107
10612800	17404.66298
10616400	17504.10722
10620000	11291.8333
10623600	7843.940481
10627200	7306.674579
10630800	6301.45215
10634400	14851.56066
10638000	17870.22012
10641600	19000
10645200	19000
10648800	17450.1558
10652400	15607.96617
10656000	16787.83959
10659600	19000
10663200	19000
10666800	19000
10670400	19000
10674000	19000
10677600	17552.68848
10681200	19000
10684800	19000
10688400	17752.42085
10692000	16414.74408
10695600	13326.47545
10699200	10196.30769
10702800	7547.124915
10706400	6737.691108
10710000	6496.849887
10713600	15785.87692
10717200	17331.24865
10720800	19000
10724400	19000
10728000	19000
10731600	19000
10735200	19000
10738800	19000
10742400	19000
10746000	19000
10749600	19000
10753200	19000
10756800	18915.20443
10760400	19000
10764000	19000
10767600	19000
10771200	19000
10774800	19000
10778400	19000
10782000	19000
10785600	19000
10789200	19000
10792800	19000
10796400	19000
10800000	19000
10803600	19000
10807200	19000
10810800	19000
10814400	19000
10818000	19000
10821600	19000
10825200	19000
10828800	19000
10832400	19000
10836000	19000
10839600	19000
10843200	17316.35046
10846800	19000
10850400	19000
10854000	18360.74771
10857600	18084.59382
10861200	18085.08544
10864800	18269.1899
10868400	17930.02488
10872000	16105.02294
10875600	14541.74519
10879200	12548.80187
10882800	12031.05802
10886400	12859.31935
10890000	11528.71155
10893600	13460.69971
10897200	15721.67648
10900800	17345.13781
10904400	17565.82076
10908000	17791.54889
10911600	15549.07485
10915200	13005.36169
10918800	10794.17624
10922400	8717.287836
10926000	6503.256246
10929600	8659.751235
10933200	9330.673023
10936800	8572.976109
10940400	6308.179734
10944000	7820.096313
10947600	10164.19043
10951200	10653.92589
10954800	10636.4193
10958400	9020.561673
10962000	6872.200464
10965600	7420.050396
10969200	7420.861002
10972800	9841.840011
10976400	11147.12766
10980000	10520.20706
10983600	7662.506517
10987200	6668.315175
10990800	9075.725829
10994400	10384.57943
10998000	10601.07996
11001600	12351.73782
11005200	13677.51972
11008800	14369.30225
11012400	15084.2044
11016000	14644.41911
11019600	12566.7425
11023200	10381.5883
11026800	8763.134082
11030400	7991.752092
11034000	6826.379385
11037600	6887.670936
11041200	10099.04869
11044800	11040.91988
11048400	10763.81637
11052000	9193.080069
11055600	9880.779177
11059200	11161.16776
11062800	12779.22129
11066400	13611.73554
11070000	13590.13449
11073600	11297.82851
11077200	8771.446236
11080800	7366.274274
11084400	6429.547047
11088000	6119.539536
11091600	10473.01595
11095200	12209.27121
11098800	12553.83173
11102400	11482.57166
11106000	9492.110112
11109600	9789.256782
11113200	11036.28743
11116800	12851.36914
11120400	13623.08782
11124000	14124.5402
11127600	13036.58724
11131200	12003.07413
11134800	11982.96358
11138400	12193.1732
11142000	12431.29638
11145600	12500.77269
11149200	12649.22354
11152800	12022.13483
11156400	11258.13918
11160000	10079.01454
11163600	6274.849989
11167200	10071.61357
11170800	14223.18855
11174400	15918.31621
11178000	16148.66798
11181600	15179.16684
11185200	13545.97149
11188800	14347.47383
11192400	16277.60126
11196000	18616.48138
11199600	18936.13422
11203200	18538.05268
11206800	16603.656
11210400	14481.55837
11214000	13306.26859
11217600	12351.52469
11221200	11313.49766
11224800	11108.28403
11228400	11049.38759
11232000	11076.54305
11235600	11083.85646
11239200	10945.15634
11242800	10706.80599
11246400	10464.25639
11250000	10826.5996
11253600	11823.9968
11257200	15009.90858
11260800	15860.19331
11264400	16138.38148
11268000	16161.68109
11271600	15400.83237
11275200	16691.30558
11278800	18763.37816
11282400	19000
11286000	19000
11289600	19000
11293200	17680.556
11296800	15891.90393
11300400	15032.52056
11304000	14475.9991
11307600	14074.00073
11311200	13859.85205
11314800	13591.70532
11318400	13124.5056
11322000	13062.45243
11325600	13106.03555
11329200	13086.9101
11332800	12760.62102
11336400	13148.30372
11340000	15202.95698
11343600	17247.86992
11347200	17558.37638
11350800	16423.00925
11354400	14953.63698
11358000	12806.84703
11361600	13290.12501
11365200	15276.79808
11368800	17590.81179
11372400	17603.96984
11376000	17772.25196
11379600	16054.01261
11383200	14181.95048
11386800	13427.62945
11390400	12987.36107
11394000	12727.93403
11397600	12476.80346
11401200	11985.49979
11404800	12078.42825
11408400	12055.98288
11412000	11689.01611
11415600	9135.728085
11419200	7702.689
11422800	10807.36721
11426400	12831.64073
11430000	15302.54377
11433600	16113.99174
11437200	16581.7243
11440800	16878.89065
11444400	16242.91765
11448000	17549.60199
11451600	18766.93081
11455200	19000
11458800	19000
11462400	18638.42801
11466000	16164.27254
11469600	13311.62433
11473200	11109.53845
11476800	8547.756075
11480400	6183.037779
11484000	6183.599946
11487600	6791.086119
11491200	6959.203287
11494800	6680.177274
11498400	7018.453818
11502000	6133.180062
11505600	7083.695184
11509200	8668.483239
11512800	9214.965336
11516400	9572.873682
11520000	8163.087783
11523600	7106.69757
11527200	6734.978106
11530800	6237.836877
11534400	7615.957785
11538000	8632.977954
11541600	9090.107286
11545200	8783.432187
11548800	10130.3849
11552400	11745.42817
11556000	12761.2643
11559600	12298.24181
11563200	12062.1212
11566800	10113.56431
11570400	8139.988734
11574000	7319.558214
11577600	6751.46643
11581200	6675.573048
11584800	6819.054648
11588400	7005.777093
11592000	6870.654615
11595600	7148.024466
11599200	8107.470429
11602800	8132.301183
11606400	8206.813686
11610000	7756.988466
11613600	9869.287239
11617200	12574.72514
11620800	14406.28658
11624400	14466.23804
11628000	13734.44719
11631600	11641.09024
11635200	9652.179669
11638800	8654.205207
11642400	7933.983528
11646000	7307.328849
11649600	7059.894075
11653200	6999.236367
11656800	6887.974077
11660400	6682.511133
11664000	6088.428207
11667600	8761.434771
11671200	11420.85597
11674800	13108.92495
11678400	13922.68406
11682000	12532.96601
11685600	11147.40262
11689200	9995.154693
11692800	9425.366055
11696400	8627.746131
11700000	7668.410382
11703600	6960.436491
11707200	9978.818754
11710800	12724.20792
11714400	12763.96821
11718000	12079.5897
11721600	9890.268642
11725200	7204.588557
11728800	7352.224605
11732400	8460.220509
11736000	8375.403789
11739600	10911.45583
11743200	13206.75701
11746800	15242.02551
11750400	16356.15412
11754000	15843.57039
11757600	13455.82721
11761200	10656.6784
11764800	8598.218898
11768400	7344.353829
11772000	7254.186885
11775600	10130.38687
11779200	10265.59338
11782800	10455.45694
11786400	10034.46594
11790000	11335.57273
11793600	13454.78902
11797200	15124.11389
11800800	15333.57224
11804400	14948.73805
11808000	12987.8857
11811600	10660.37921
11815200	9071.441025
11818800	7645.431483
11822400	6771.84366
11826000	6091.313886
11829600	6381.727674
11833200	7769.773218
11836800	8710.908606
11840400	8310.775359
11844000	7328.278605
11847600	8886.944103
11851200	11336.33419
11854800	14494.91413
11858400	14403.18108
11862000	13758.88208
11865600	11821.29738
11869200	9789.493896
11872800	8693.843949
11876400	7882.155042
11880000	7091.639259
11883600	6428.490525
11887200	7411.022718
11890800	8796.446793
11894400	10327.2013
11898000	10655.51354
11901600	10073.74141
11905200	11686.73486
11908800	12464.73075
11912400	12957.87282
11916000	13930.35655
11919600	13532.95362
11923200	11385.46359
11926800	9349.039554
11930400	8247.915906
11934000	7396.515549
11937600	6571.794468
11941200	6227.909514
11944800	6167.137878
11948400	7883.357907
11952000	10237.68771
11955600	11977.97417
11959200	11000.99858
11962800	7898.290098
11966400	7511.35632
11970000	10765.79799
11973600	13272.20389
11977200	14636.55962
11980800	14427.51157
11984400	12083.74232
11988000	9486.730815
11991600	7878.417945
11995200	6778.396551
11998800	6176.520612
12002400	6339.231906
12006000	7333.563921
12009600	9681.186723
12013200	10178.29133
12016800	10492.22511
12020400	10363.7007
12024000	9796.514031
12027600	11207.61418
12031200	13192.29386
12034800	14677.42832
12038400	15128.29061
12042000	15197.48725
12045600	13537.43332
12049200	11841.23865
12052800	11004.46206
12056400	9964.088409
12060000	8922.496224
12063600	8227.927164
12067200	7663.513653
12070800	6485.004894
12074400	6545.175183
12078000	8995.843833
12081600	9892.676481
12085200	10432.79462
12088800	10200.34958
12092400	9662.007645
12096000	10937.981
12099600	12513.30965
12103200	14534.90905
12106800	15321.36239
12110400	15427.5902
12114000	13638.05318
12117600	11803.76567
12121200	10908.79175
12124800	9932.331582
12128400	8987.838234
12132000	8432.376216
12135600	7943.105187
12139200	6806.363391
12142800	6545.378898
12146400	7410.062475
12150000	7784.653479
12153600	7750.054827
12157200	7515.20946
12160800	10328.42837
12164400	13946.64604
12168000	16641.51667
12171600	16647.74525
12175200	16275.00747
12178800	14354.98936
12182400	12341.10209
12186000	11251.4748
12189600	10174.29428
12193200	9248.522406
12196800	8875.165827